Patrones: Espiral 2
Salidas: Rojo, Azul
Entradas: X, Y
790.46,293.55,0
871.22,344.15,0
808.62,315.88,0
820.76,356.75,0
841.40,361.24,0
822.72,310.54,0
857.48,372.71,0
829.23,317.37,0
793.32,300.31,0
862.37,340.56,0
876.04,316.56,0
779.96,349.13,0
809.99,321.43,0
788.53,294.17,0
870.79,364.55,0
829.51,361.02,0
797.64,271.08,0
854.09,316.89,0
834.69,360.11,0
775.34,318.92,0
809.17,376.86,0
799.89,360.20,0
821.95,277.73,0
885.84,313.25,0
826.58,329.57,0
800.41,292.54,0
825.14,345.65,0
862.20,346.14,0
887.29,319.94,0
794.34,297.91,0
767.68,320.80,0
868.59,342.25,0
830.81,365.61,0
830.12,380.87,0
774.59,297.05,0
876.72,353.32,0
867.34,350.46,0
-40.59,495.77,1
-37.17,442.12,1
-70.99,478.06,1
-50.94,459.33,1
-52.70,423.09,1
-2.77,445.40,1
-12.31,489.14,1
-35.26,413.15,1
-16.04,411.05,1
3.48,416.25,1
-43.16,454.86,1
-14.79,406.22,1
-23.42,467.74,1
-6.76,463.07,1
-28.01,473.06,1
-0.70,412.35,1
-38.36,456.09,1
3.01,470.89,1
0.84,478.01,1
-7.60,433.20,1
-27.79,451.57,1
-50.82,417.02,1
-59.53,426.60,1
-58.48,456.82,1
813.59,261.02,0
837.55,243.48,0
775.57,243.64,0
779.44,266.34,0
781.58,206.27,0
796.55,221.50,0
755.15,242.63,0
822.91,240.62,0
771.52,267.28,0
829.38,245.19,0
785.18,250.05,0
775.37,256.58,0
759.42,217.97,0
822.74,263.87,0
762.07,252.69,0
806.49,214.15,0
827.81,243.09,0
816.15,240.53,0
760.13,222.97,0
779.83,239.90,0
793.95,212.56,0
828.59,222.98,0
785.27,271.03,0
789.35,247.97,0
798.49,223.06,0
804.27,258.54,0
-25.58,520.39,1
-46.20,519.20,1
-36.50,523.65,1
-34.60,535.13,1
-44.54,514.64,1
-26.38,520.18,1
-29.20,510.52,1
-23.69,521.61,1
-49.15,516.68,1
-26.84,518.31,1
-46.80,518.77,1
-34.08,511.71,1
763.14,214.94,0
765.92,202.62,0
746.47,192.61,0
758.69,194.68,0
758.03,197.36,0
769.91,201.82,0
755.53,215.94,0
739.67,206.58,0
-18.47,527.90,1
38.22,610.67,1
-23.72,574.94,1
67.87,547.92,1
-8.63,572.11,1
30.63,593.37,1
-22.82,575.50,1
-45.62,537.99,1
50.13,518.52,1
4.90,616.98,1
7.55,555.30,1
-7.34,606.53,1
25.84,524.12,1
36.02,522.46,1
-26.05,550.56,1
12.33,610.04,1
-3.89,573.96,1
35.12,597.46,1
19.52,562.32,1
4.71,543.60,1
1.66,595.48,1
67.18,558.33,1
24.48,548.89,1
40.68,543.68,1
51.37,553.31,1
-24.22,579.62,1
-49.65,557.69,1
-19.69,581.00,1
18.47,523.55,1
-18.59,525.43,1
675.44,131.58,0
695.35,150.92,0
739.54,193.29,0
727.42,185.42,0
720.59,200.16,0
721.02,107.95,0
739.17,122.71,0
728.65,152.78,0
727.32,102.55,0
740.33,128.42,0
734.25,158.39,0
696.91,176.36,0
720.48,118.70,0
738.92,146.21,0
732.65,139.56,0
756.12,165.89,0
752.67,108.16,0
741.68,127.40,0
701.52,162.13,0
676.04,119.36,0
720.04,118.38,0
703.33,150.67,0
736.60,176.04,0
753.86,164.48,0
672.80,141.14,0
682.94,155.90,0
693.42,164.85,0
30.05,631.06,1
34.03,635.18,1
56.67,634.92,1
54.64,622.01,1
60.22,651.13,1
45.96,646.74,1
56.76,640.99,1
57.15,661.95,1
63.94,653.43,1
50.30,632.79,1
42.84,627.47,1
38.33,634.24,1
37.90,656.83,1
690.14,100.50,0
689.43,93.79,0
665.84,87.60,0
673.28,94.79,0
686.86,82.47,0
691.99,97.25,0
658.37,97.52,0
674.93,104.12,0
696.55,98.09,0
677.48,84.62,0
99.17,644.72,1
71.98,703.23,1
99.43,686.22,1
122.79,695.44,1
69.32,702.50,1
90.92,699.22,1
80.11,641.27,1
60.31,704.49,1
61.72,660.33,1
126.01,696.08,1
52.99,696.21,1
71.98,657.22,1
90.91,717.78,1
103.80,664.85,1
122.59,642.63,1
49.88,670.34,1
56.11,679.92,1
116.89,671.28,1
106.82,633.80,1
116.45,669.16,1
80.68,683.38,1
132.51,663.55,1
105.55,639.20,1
123.73,643.67,1
127.03,678.56,1
99.04,647.06,1
603.60,58.90,0
625.12,79.98,0
594.94,16.93,0
644.55,13.79,0
620.22,39.93,0
605.92,60.75,0
626.11,-4.20,0
648.46,17.22,0
605.60,62.54,0
650.95,85.40,0
642.69,-6.46,0
620.68,-5.54,0
593.27,27.29,0
657.77,7.59,0
603.59,69.87,0
633.72,31.33,0
638.40,19.96,0
648.44,43.89,0
669.07,35.66,0
589.92,64.52,0
628.88,7.36,0
633.76,74.00,0
657.07,29.26,0
656.67,55.98,0
630.11,8.48,0
632.76,18.37,0
662.98,52.13,0
626.27,21.09,0
590.01,33.25,0
604.34,33.81,0
132.78,695.21,1
153.87,732.99,1
150.98,711.34,1
173.34,741.54,1
199.48,716.31,1
182.92,740.78,1
161.82,682.53,1
163.18,740.23,1
177.14,722.53,1
201.92,706.11,1
174.86,724.53,1
157.95,717.48,1
171.71,676.49,1
146.46,704.59,1
170.19,698.07,1
199.33,711.92,1
147.82,682.84,1
160.03,676.58,1
148.43,725.36,1
134.35,696.51,1
195.72,723.00,1
186.43,716.26,1
146.58,679.42,1
195.14,712.55,1
200.53,694.42,1
173.64,717.67,1
556.29,23.52,0
561.99,25.35,0
578.30,48.74,0
571.52,-12.17,0
587.99,26.52,0
573.39,16.41,0
589.37,7.04,0
558.35,30.80,0
560.47,46.82,0
539.18,-3.85,0
549.47,3.41,0
596.39,-8.95,0
580.12,32.25,0
587.05,7.97,0
553.39,32.63,0
578.02,39.39,0
561.13,-8.33,0
210.65,732.45,1
209.41,751.22,1
205.12,715.41,1
201.28,717.65,1
200.54,748.62,1
219.22,732.71,1
226.93,733.33,1
203.60,729.06,1
215.32,714.35,1
487.19,41.49,0
481.27,-14.67,0
511.74,-3.53,0
515.93,28.38,0
504.80,40.50,0
535.30,-3.78,0
512.21,-25.35,0
477.61,-5.65,0
497.96,26.42,0
491.14,-17.99,0
520.63,14.80,0
492.53,52.84,0
498.23,-8.12,0
509.31,-19.23,0
494.42,10.75,0
478.70,0.97,0
505.80,7.91,0
509.33,-7.25,0
541.20,40.30,0
500.53,-17.52,0
468.71,3.73,0
495.91,3.79,0
534.08,11.10,0
523.43,24.88,0
491.59,2.24,0
502.75,51.17,0
520.73,26.22,0
241.94,745.49,1
235.53,737.78,1
261.62,750.92,1
228.27,760.86,1
267.63,749.09,1
278.26,770.05,1
239.85,739.57,1
269.29,788.99,1
237.66,755.75,1
271.11,741.74,1
278.98,753.27,1
249.89,773.74,1
247.23,730.30,1
259.77,787.15,1
241.15,775.68,1
463.01,-12.17,0
470.93,-11.79,0
473.61,-10.90,0
460.59,17.34,0
444.80,-32.26,0
437.01,-24.98,0
456.25,7.14,0
436.99,-1.55,0
458.60,-33.50,0
453.38,-36.86,0
462.28,-20.56,0
457.19,12.91,0
340.81,766.53,1
339.64,763.64,1
299.26,801.96,1
349.63,776.03,1
348.67,790.62,1
326.05,757.48,1
299.20,743.38,1
349.01,787.53,1
304.02,811.67,1
352.16,790.06,1
282.44,793.93,1
292.91,755.78,1
280.13,733.83,1
275.14,797.71,1
318.21,793.30,1
300.28,732.45,1
334.06,733.61,1
334.82,794.62,1
279.13,794.20,1
343.05,766.69,1
339.33,793.49,1
290.40,783.24,1
353.91,764.36,1
293.30,732.81,1
332.06,788.01,1
299.79,731.61,1
292.25,748.12,1
298.90,725.04,1
284.53,731.86,1
305.97,783.43,1
317.97,753.12,1
340.23,793.73,1
413.56,-8.04,0
394.23,-4.00,0
411.69,1.16,0
423.99,-5.17,0
392.98,-37.25,0
401.57,-37.94,0
383.42,-7.19,0
417.63,-10.01,0
410.50,-31.48,0
382.28,8.92,0
369.36,-19.53,0
369.69,-37.87,0
391.72,-16.81,0
373.40,17.96,0
389.64,-15.27,0
367.86,7.43,0
388.49,-7.64,0
385.22,20.08,0
400.92,-40.21,0
399.11,1.28,0
425.07,-14.03,0
398.22,-15.89,0
365.99,6.69,0
360.77,-7.37,0
401.27,771.75,1
371.15,760.55,1
380.22,776.15,1
376.77,759.91,1
396.52,775.68,1
370.78,761.46,1
392.22,773.58,1
386.92,772.39,1
401.31,759.30,1
400.93,764.26,1
402.39,769.91,1
378.51,763.72,1
330.21,25.74,0
299.08,10.07,0
324.85,44.31,0
332.64,-25.33,0
354.91,-14.24,0
315.44,-9.37,0
344.41,46.70,0
336.91,-9.90,0
349.68,-4.09,0
331.21,18.30,0
317.35,-0.44,0
341.55,-7.73,0
352.62,25.31,0
356.28,4.95,0
348.89,25.13,0
306.55,18.68,0
358.82,-6.92,0
316.99,5.95,0
341.36,-16.82,0
306.11,-0.88,0
331.45,0.98,0
323.38,22.81,0
365.59,30.34,0
330.06,7.03,0
341.77,23.26,0
479.92,772.24,1
464.11,770.27,1
448.81,765.51,1
406.09,726.49,1
430.96,791.10,1
401.40,786.50,1
427.12,739.02,1
433.02,734.92,1
441.71,772.39,1
426.05,745.08,1
435.71,797.63,1
420.55,732.20,1
407.72,772.94,1
458.43,744.90,1
405.08,761.47,1
403.99,750.83,1
444.41,703.64,1
462.77,714.42,1
262.71,52.70,0
299.43,25.31,0
253.92,13.82,0
253.91,29.88,0
293.53,7.16,0
263.37,18.30,0
260.20,11.41,0
267.71,16.56,0
280.59,25.79,0
253.76,42.62,0
276.61,36.22,0
257.97,8.21,0
272.58,36.62,0
268.74,13.22,0
267.73,42.24,0
257.69,60.23,0
283.63,44.83,0
278.16,9.75,0
507.50,727.48,1
513.96,739.03,1
505.58,732.88,1
503.90,733.58,1
500.88,728.85,1
502.12,743.30,1
515.15,728.14,1
509.43,745.83,1
490.54,735.48,1
247.60,68.52,0
203.86,106.24,0
222.60,96.93,0
182.35,85.39,0
233.44,50.86,0
231.37,74.55,0
213.35,112.42,0
190.21,70.83,0
195.04,78.28,0
236.96,96.68,0
231.89,36.77,0
262.89,66.04,0
200.47,83.59,0
200.19,39.67,0
227.21,80.05,0
257.09,61.17,0
215.77,80.71,0
240.76,50.70,0
204.13,45.67,0
238.35,38.00,0
178.96,77.09,0
201.49,85.23,0
207.66,58.38,0
214.29,24.24,0
238.75,24.90,0
192.41,74.12,0
232.54,81.38,0
216.44,72.89,0
222.73,72.09,0
219.93,110.68,0
176.75,52.90,0
560.42,757.25,1
513.43,725.09,1
573.52,688.43,1
562.88,710.77,1
574.03,740.45,1
568.62,728.12,1
546.95,721.99,1
539.00,745.75,1
582.35,693.80,1
580.62,681.55,1
557.81,717.83,1
553.71,725.18,1
565.16,710.60,1
514.86,691.85,1
585.45,698.57,1
564.97,747.71,1
559.41,665.89,1
546.99,740.33,1
579.99,724.86,1
170.13,91.16,0
170.80,81.75,0
174.27,89.85,0
158.86,78.33,0
604.21,660.17,1
599.67,678.58,1
616.98,678.22,1
593.99,681.47,1
586.72,669.53,1
593.04,677.89,1
586.50,668.89,1
599.82,657.32,1
599.33,687.19,1
171.22,147.87,0
141.35,124.25,0
118.00,130.25,0
131.30,136.10,0
149.74,140.94,0
114.23,138.96,0
157.06,116.04,0
119.66,144.43,0
124.71,155.08,0
127.69,96.34,0
129.73,116.17,0
112.33,120.24,0
142.37,162.08,0
159.79,96.91,0
116.96,134.05,0
158.88,149.35,0
123.56,99.31,0
126.02,105.49,0
636.64,635.70,1
640.17,665.25,1
639.63,669.48,1
653.18,630.74,1
632.45,648.89,1
627.88,648.87,1
654.79,638.13,1
622.99,647.32,1
641.44,645.62,1
646.15,645.37,1
635.78,632.04,1
651.26,665.55,1
640.21,662.92,1
654.95,634.64,1
640.41,658.54,1
630.32,623.07,1
634.47,676.33,1
606.46,647.39,1
616.98,665.39,1
615.43,663.23,1
628.39,657.82,1
608.83,646.33,1
102.07,152.32,0
99.15,157.16,0
104.58,179.53,0
88.20,177.36,0
110.32,150.33,0
113.95,162.26,0
94.90,187.76,0
104.63,152.85,0
82.72,158.92,0
661.49,614.72,1
659.94,610.93,1
684.77,573.71,1
654.92,608.22,1
646.32,602.05,1
671.36,610.13,1
645.02,619.81,1
672.42,562.92,1
641.19,606.76,1
666.67,595.88,1
641.36,601.82,1
671.86,571.91,1
639.19,601.43,1
683.12,617.11,1
688.95,579.31,1
666.20,599.41,1
54.50,215.83,0
67.99,223.54,0
114.53,202.13,0
81.01,261.12,0
93.92,219.99,0
60.67,197.97,0
50.71,254.59,0
87.15,227.78,0
89.88,189.74,0
55.70,207.45,0
94.10,199.33,0
87.70,225.50,0
61.30,195.54,0
91.71,220.67,0
95.24,272.10,0
70.86,266.89,0
92.08,218.16,0
56.63,235.47,0
113.75,246.79,0
693.25,576.99,1
680.25,547.96,1
694.08,581.85,1
718.58,528.36,1
687.12,555.52,1
674.99,554.35,1
700.62,538.85,1
696.35,529.37,1
722.26,558.92,1
705.02,552.72,1
678.90,563.86,1
702.81,553.96,1
711.67,580.67,1
714.26,547.53,1
684.36,532.92,1
714.33,564.23,1
708.24,530.61,1
698.42,554.30,1
691.59,547.03,1
691.16,573.16,1
684.96,566.21,1
685.65,572.58,1
80.57,294.04,0
65.46,284.05,0
62.06,283.86,0
51.83,292.28,0
60.57,279.35,0
62.01,278.93,0
73.01,289.24,0
64.07,295.57,0
66.71,276.41,0
77.19,298.48,0
712.58,512.39,1
712.11,484.05,1
728.98,485.51,1
705.55,521.27,1
709.96,520.18,1
718.63,499.87,1
704.53,519.94,1
689.16,491.84,1
716.85,499.32,1
16.99,317.74,0
21.84,324.74,0
56.39,301.13,0
64.99,337.08,0
29.89,338.57,0
16.81,325.39,0
33.00,305.43,0
25.55,322.27,0
52.53,313.76,0
80.87,326.48,0
46.97,317.37,0
22.75,322.09,0
63.88,373.54,0
76.88,327.44,0
86.17,356.22,0
82.55,331.02,0
46.17,298.92,0
57.45,351.44,0
57.35,302.23,0
64.39,332.06,0
703.14,467.45,1
718.88,452.22,1
712.15,430.95,1
710.76,471.91,1
739.61,461.58,1
736.08,431.83,1
714.34,425.64,1
758.62,455.18,1
749.82,433.36,1
743.79,431.92,1
703.69,475.51,1
692.45,444.22,1
756.17,431.69,1
708.11,439.78,1
728.40,464.21,1
740.65,413.35,1
707.43,454.55,1
734.49,468.52,1
747.45,448.07,1
692.03,437.44,1
708.54,444.96,1
738.62,450.58,1
754.97,438.64,1
59.39,391.43,0
55.45,409.09,0
64.57,376.98,0
49.93,395.75,0
45.53,394.07,0
60.78,396.02,0
49.98,405.76,0
49.08,392.18,0
75.98,401.03,0
44.41,403.40,0
702.84,393.35,1
749.25,419.81,1
754.23,415.89,1
699.09,401.79,1
709.04,357.89,1
746.88,359.10,1
765.62,388.17,1
742.10,359.96,1
756.83,404.65,1
723.23,356.09,1
725.53,364.88,1
712.43,383.29,1
719.20,408.98,1
709.96,389.75,1
727.58,362.56,1
705.97,396.02,1
714.97,385.07,1
702.95,367.48,1
760.66,398.64,1
740.22,387.83,1
720.23,353.89,1
749.67,375.37,1
758.03,387.00,1
689.50,397.86,1
61.72,430.59,0
48.32,446.48,0
88.27,416.89,0
92.28,411.60,0
69.96,457.53,0
92.80,451.76,0
84.16,465.12,0
92.98,446.92,0
92.77,408.55,0
25.68,435.40,0
69.12,414.69,0
22.60,444.44,0
98.62,438.80,0
100.64,423.06,0
30.23,448.69,0
49.42,423.96,0
75.97,424.70,0
49.47,430.45,0
97.84,420.36,0
699.17,339.03,1
710.34,332.72,1
709.04,349.59,1
714.34,346.47,1
714.67,338.27,1
703.62,329.10,1
703.51,334.12,1
707.79,337.69,1
696.05,330.47,1
667.88,262.85,1
714.93,274.81,1
728.65,285.00,1
687.61,268.52,1
677.08,331.01,1
715.63,324.95,1
690.68,315.95,1
689.71,325.68,1
665.08,287.79,1
696.64,293.94,1
670.21,291.57,1
660.75,269.57,1
692.23,322.93,1
675.38,273.32,1
704.45,304.31,1
700.52,264.65,1
706.64,291.73,1
697.60,272.41,1
643.48,278.93,1
690.94,292.09,1
646.55,300.11,1
670.69,278.70,1
726.83,309.70,1
728.39,282.48,1
641.03,296.35,1
711.97,325.71,1
90.08,521.05,0
68.26,533.77,0
86.04,533.72,0
66.25,511.87,0
66.79,521.37,0
98.41,492.64,0
71.05,514.24,0
79.13,520.00,0
87.17,505.48,0
90.56,533.01,0
99.14,495.84,0
81.56,546.12,0
106.66,526.45,0
101.04,495.55,0
73.32,541.91,0
104.81,534.38,0
124.36,517.30,0
99.16,546.20,0
160.85,562.44,0
118.96,544.82,0
158.32,589.76,0
90.40,583.89,0
141.85,593.56,0
149.74,589.78,0
134.80,572.76,0
108.19,596.04,0
124.83,560.38,0
140.21,606.54,0
99.51,571.42,0
161.00,566.15,0
99.39,586.19,0
139.57,598.67,0
102.51,599.27,0
136.41,545.92,0
148.87,611.50,0
167.25,579.46,0
145.64,564.86,0
627.41,178.56,1
653.49,224.29,1
623.60,194.60,1
632.72,166.83,1
652.90,182.94,1
658.07,170.03,1
648.68,191.44,1
616.05,174.38,1
642.34,163.18,1
637.63,226.71,1
646.99,169.18,1
654.00,161.88,1
619.24,189.71,1
618.94,208.54,1
654.90,230.86,1
624.35,232.40,1
671.13,189.92,1
627.91,202.07,1
633.04,168.66,1
196.66,602.93,0
167.47,591.53,0
162.90,600.68,0
188.51,608.64,0
185.45,598.39,0
172.99,579.26,0
181.54,598.65,0
602.83,138.98,1
599.96,140.28,1
602.79,147.58,1
617.36,141.02,1
595.78,146.30,1
588.02,145.42,1
614.01,165.95,1
602.44,168.21,1
594.34,144.59,1
609.16,137.50,1
613.56,158.61,1
605.08,137.13,1
176.87,642.92,0
179.43,630.02,0
197.25,630.56,0
198.90,599.55,0
205.68,600.78,0
181.89,625.83,0
231.58,599.59,0
219.08,619.06,0
190.90,631.42,0
214.67,590.33,0
213.10,589.21,0
204.43,608.51,0
211.80,606.87,0
565.06,122.17,1
555.61,141.91,1
555.62,170.13,1
543.46,141.19,1
576.43,143.00,1
584.85,130.59,1
564.87,120.13,1
572.94,137.28,1
553.38,154.98,1
577.31,136.42,1
573.65,137.67,1
577.06,168.21,1
541.66,154.68,1
571.23,136.20,1
588.29,143.28,1
591.54,141.10,1
530.04,130.68,1
483.71,99.70,1
528.52,106.16,1
509.02,108.10,1
501.27,107.41,1
532.49,144.37,1
543.32,128.29,1
509.86,140.61,1
500.92,138.19,1
533.60,114.49,1
508.22,91.06,1
510.54,131.01,1
490.34,98.52,1
495.89,120.51,1
481.99,118.52,1
504.33,137.01,1
506.06,144.88,1
489.21,106.73,1
304.61,617.97,0
295.07,688.18,0
295.78,623.86,0
310.28,672.05,0
327.53,660.09,0
308.91,630.64,0
273.55,649.34,0
284.35,693.13,0
253.80,659.58,0
308.45,634.84,0
256.65,680.67,0
288.68,666.01,0
277.83,703.32,0
281.17,631.16,0
304.24,663.72,0
260.30,651.88,0
301.95,676.34,0
299.65,665.84,0
477.67,102.57,1
467.95,114.52,1
480.42,107.82,1
480.61,114.25,1
470.79,94.54,1
474.04,115.40,1
468.34,108.63,1
474.44,106.60,1
344.83,669.83,0
349.40,656.30,0
348.70,673.21,0
359.33,672.89,0
356.57,656.00,0
362.81,660.91,0
354.18,655.83,0
346.79,676.70,0
437.11,74.90,1
416.61,86.10,1
460.27,86.17,1
427.94,91.28,1
469.39,90.22,1
461.04,72.16,1
457.61,100.73,1
411.42,114.04,1
445.93,74.79,1
424.53,98.79,1
445.30,70.65,1
455.87,105.41,1
423.82,102.93,1
431.29,105.75,1
385.95,663.05,0
403.07,643.11,0
387.93,634.44,0
405.61,662.87,0
354.91,649.10,0
381.10,640.63,0
396.18,678.00,0
367.16,638.56,0
358.87,684.72,0
393.10,671.19,0
388.70,677.17,0
358.12,644.83,0
394.77,115.71,1
367.22,90.12,1
394.48,90.35,1
380.45,103.73,1
372.98,94.36,1
374.50,81.38,1
376.59,112.47,1
376.85,101.96,1
397.73,87.21,1
375.15,87.16,1
387.31,97.00,1
320.87,126.02,1
317.94,101.60,1
340.57,123.11,1
331.23,94.03,1
361.52,115.62,1
360.24,103.21,1
335.08,97.71,1
311.25,118.09,1
314.83,118.40,1
355.63,110.13,1
338.67,118.70,1
314.40,107.62,1
349.62,95.44,1
445.91,669.84,0
465.18,628.39,0
473.92,601.40,0
425.78,645.76,0
439.18,644.07,0
502.99,656.84,0
491.36,611.94,0
469.03,667.90,0
482.70,620.03,0
489.59,668.01,0
448.59,608.07,0
474.15,675.55,0
454.76,626.19,0
499.25,627.18,0
471.09,650.73,0
456.15,622.68,0
438.05,633.42,0
305.58,100.37,1
302.29,119.33,1
305.86,101.12,1
315.48,128.00,1
296.99,118.32,1
299.52,99.78,1
311.02,108.07,1
297.43,104.71,1
518.78,626.75,0
507.70,620.11,0
526.01,636.39,0
520.03,638.89,0
529.97,623.42,0
520.68,632.99,0
521.09,625.01,0
514.53,616.91,0
264.35,143.93,1
291.24,128.48,1
262.37,112.07,1
239.35,161.28,1
233.06,129.71,1
223.00,133.57,1
235.85,128.88,1
250.83,132.72,1
255.21,133.31,1
234.07,163.21,1
252.33,130.66,1
270.98,108.26,1
232.67,175.10,1
235.07,148.30,1
237.11,127.24,1
279.80,120.32,1
267.87,128.45,1
290.04,166.65,1
286.01,116.03,1
546.44,624.74,0
514.23,593.19,0
544.18,619.18,0
506.83,590.98,0
538.59,608.50,0
518.77,576.73,0
515.85,591.70,0
534.14,606.09,0
539.24,581.22,0
539.84,573.53,0
549.43,620.86,0
557.44,589.46,0
532.11,624.84,0
527.50,599.59,0
523.21,574.89,0
526.44,590.03,0
541.44,601.15,0
549.52,608.51,0
536.09,620.22,0
223.83,184.21,1
218.01,172.16,1
176.32,218.28,1
199.61,204.88,1
190.64,165.87,1
177.67,215.49,1
232.16,178.77,1
207.29,187.15,1
188.47,209.98,1
212.45,169.23,1
173.96,219.91,1
208.84,232.97,1
207.12,192.09,1
215.70,176.42,1
224.39,223.34,1
235.63,190.56,1
214.94,184.08,1
571.93,546.45,0
571.25,543.37,0
600.33,526.57,0
603.96,557.97,0
612.89,508.02,0
554.44,535.54,0
582.21,545.50,0
603.20,547.12,0
610.67,502.16,0
585.19,531.82,0
593.35,495.74,0
556.98,544.53,0
551.11,518.53,0
570.42,519.58,0
580.85,560.35,0
587.74,564.47,0
600.99,548.07,0
602.96,547.61,0
595.20,552.72,0
567.64,514.55,0
591.86,540.43,0
590.07,551.10,0
161.54,265.44,1
161.72,248.42,1
158.66,268.67,1
140.97,271.06,1
151.76,276.79,1
185.57,241.60,1
170.27,275.91,1
139.27,253.94,1
162.35,288.45,1
152.48,230.89,1
143.17,265.84,1
192.97,249.33,1
131.40,272.45,1
175.75,230.22,1
126.05,262.09,1
126.27,249.46,1
150.69,237.47,1
154.35,274.94,1
152.55,247.63,1
164.50,267.31,1
146.79,244.36,1
148.93,225.88,1
150.51,254.90,1
176.41,250.71,1
146.16,248.61,1
599.18,432.97,0
638.62,455.19,0
627.28,459.70,0
595.58,467.98,0
604.28,436.62,0
625.07,434.72,0
648.25,470.42,0
600.67,481.60,0
592.59,452.55,0
614.39,458.17,0
623.73,468.69,0
608.14,466.01,0
609.66,494.29,0
597.94,440.49,0
623.10,457.94,0
610.25,458.50,0
593.62,456.26,0
589.72,467.48,0
643.02,458.11,0
618.80,479.21,0
617.77,466.37,0
591.69,454.83,0
606.89,443.91,0
618.71,450.29,0
132.86,288.43,1
138.36,296.75,1
131.61,300.38,1
134.14,306.35,1
143.21,297.76,1
134.93,303.04,1
143.32,306.62,1
138.78,299.99,1
133.83,306.04,1
616.73,414.76,0
622.17,409.45,0
616.47,417.13,0
608.06,421.11,0
611.16,412.79,0
616.49,410.63,0
617.70,419.52,0
138.51,324.82,1
147.90,356.15,1
132.48,305.50,1
116.35,347.85,1
150.12,345.78,1
164.58,378.49,1
177.95,371.45,1
131.48,366.71,1
124.32,344.03,1
147.26,343.93,1
112.35,331.38,1
147.45,346.75,1
126.64,376.85,1
153.84,334.36,1
148.73,355.68,1
172.82,361.98,1
159.16,305.27,1
120.23,328.22,1
137.75,315.66,1
163.24,365.81,1
151.84,339.09,1
615.88,405.57,0
610.78,383.51,0
620.27,383.77,0
607.39,390.84,0
619.93,406.49,0
617.09,386.17,0
614.71,403.18,0
629.07,397.87,0
617.98,387.31,0
597.64,367.95,0
631.06,355.00,0
607.83,339.12,0
623.28,353.94,0
622.58,333.04,0
611.11,327.72,0
632.22,341.49,0
600.28,375.43,0
615.47,362.91,0
597.90,364.80,0
613.93,323.74,0
604.58,343.92,0
603.44,359.12,0
625.43,321.27,0
638.99,362.84,0
586.97,355.33,0
608.00,378.86,0
600.64,326.96,0
606.94,325.38,0
596.73,331.41,0
616.50,336.68,0
158.25,396.72,1
138.65,425.01,1
167.46,397.20,1
165.55,391.69,1
174.57,418.99,1
155.16,437.98,1
180.87,403.85,1
137.81,412.01,1
159.30,440.92,1
144.49,391.97,1
172.65,390.32,1
181.80,394.69,1
157.26,426.58,1
166.28,440.30,1
157.05,390.58,1
150.01,384.90,1
184.33,421.02,1
185.98,399.95,1
162.99,407.56,1
190.14,413.31,1
602.43,309.53,0
599.07,312.41,0
590.87,309.41,0
597.82,310.66,0
598.42,314.29,0
607.17,318.22,0
601.89,309.80,0
586.93,320.95,0
601.69,311.24,0
181.71,441.79,1
179.17,438.59,1
176.00,442.40,1
169.69,443.45,1
169.11,442.77,1
600.68,294.46,0
575.72,309.13,0
566.55,270.97,0
590.97,304.37,0
601.97,269.77,0
578.45,295.86,0
578.08,258.27,0
596.37,264.60,0
597.84,282.17,0
596.88,293.20,0
562.30,299.17,0
564.99,302.17,0
590.25,294.94,0
600.84,298.26,0
594.84,295.34,0
206.98,492.94,1
175.98,488.01,1
184.38,485.33,1
179.99,474.18,1
169.51,470.96,1
199.98,473.01,1
184.51,496.95,1
173.17,459.80,1
182.08,458.85,1
178.60,466.59,1
553.89,254.97,0
554.49,259.39,0
558.48,255.26,0
557.17,260.41,0
562.95,264.78,0
568.99,258.14,0
563.32,252.25,0
570.52,259.60,0
229.82,499.56,1
236.64,511.68,1
220.65,516.66,1
213.90,488.84,1
227.47,520.22,1
220.44,512.75,1
230.14,518.61,1
233.03,489.64,1
552.53,215.99,0
559.69,244.95,0
519.65,205.96,0
560.58,251.89,0
563.51,211.51,0
540.12,234.52,0
518.42,230.63,0
548.56,200.56,0
516.19,214.16,0
525.98,224.62,0
571.29,215.49,0
557.52,231.68,0
540.25,243.31,0
529.63,243.75,0
509.97,220.09,0
526.25,230.66,0
547.93,244.69,0
520.23,205.10,0
518.86,235.29,0
550.30,251.11,0
542.81,238.34,0
515.97,221.08,0
534.64,251.34,0
237.61,539.65,1
228.44,540.19,1
217.32,542.16,1
236.38,530.19,1
237.49,544.29,1
214.92,531.91,1
226.50,521.76,1
236.43,541.70,1
216.00,549.02,1
229.49,538.64,1
230.36,522.54,1
510.23,218.09,0
507.56,221.03,0
503.86,218.80,0
495.54,210.66,0
495.68,222.03,0
495.43,224.23,0
508.05,214.86,0
260.15,541.24,1
261.69,545.25,1
260.23,542.03,1
259.34,550.40,1
269.20,544.58,1
256.33,546.50,1
263.90,548.67,1
446.27,194.43,0
485.45,190.68,0
497.44,207.45,0
472.92,189.24,0
495.14,199.57,0
449.81,196.83,0
447.05,221.95,0
480.60,194.89,0
458.98,216.76,0
485.59,193.91,0
444.54,198.27,0
300.46,599.80,1
308.69,566.58,1
299.37,592.14,1
312.41,588.17,1
304.62,555.22,1
267.57,554.27,1
278.98,539.76,1
287.03,549.73,1
268.17,585.10,1
295.37,577.42,1
302.63,548.47,1
307.51,542.68,1
278.90,593.27,1
296.28,590.29,1
298.51,558.65,1
291.62,558.68,1
321.50,588.26,1
318.34,584.84,1
336.62,578.69,1
320.33,590.06,1
322.59,571.21,1
399.08,189.26,0
427.33,198.41,0
410.04,182.05,0
399.64,190.03,0
400.78,196.81,0
430.88,199.10,0
429.07,208.99,0
413.54,209.65,0
412.28,180.86,0
403.96,200.35,0
416.22,194.79,0
407.57,201.81,0
405.05,204.83,0
430.31,192.32,0
362.61,582.77,1
345.25,594.08,1
348.14,585.42,1
351.22,593.50,1
360.18,592.92,1
354.69,561.26,1
350.25,561.37,1
334.50,560.71,1
342.09,553.08,1
359.81,594.70,1
362.88,584.27,1
352.96,551.03,1
343.28,559.04,1
333.55,569.66,1
337.00,589.11,1
330.18,563.78,1
385.60,206.24,0
393.85,197.38,0
386.98,187.60,0
396.73,202.27,0
389.76,195.47,0
393.82,207.49,0
390.56,208.75,0
391.82,193.90,0
374.10,199.55,0
349.62,221.11,0
368.04,216.97,0
365.13,204.89,0
357.38,214.46,0
356.44,191.36,0
369.78,202.45,0
377.71,194.90,0
341.09,205.37,0
371.38,221.07,0
353.39,205.49,0
370.60,219.22,0
346.38,219.58,0
369.67,203.42,0
338.34,205.45,0
345.32,196.63,0
402.25,548.65,1
395.79,586.35,1
410.99,586.78,1
413.68,582.62,1
417.24,579.21,1
426.39,559.95,1
399.11,558.77,1
408.82,580.59,1
397.13,574.61,1
401.58,587.67,1
393.84,564.51,1
396.41,589.30,1
416.54,589.06,1
404.95,579.87,1
388.81,575.55,1
430.08,562.50,1
431.23,564.17,1
433.95,543.40,1
439.21,544.41,1
444.47,559.05,1
434.44,543.76,1
437.54,541.49,1
316.39,216.60,0
305.69,208.38,0
322.63,214.54,0
322.18,222.40,0
278.91,211.71,0
275.86,228.91,0
310.73,229.47,0
305.00,203.14,0
278.67,213.46,0
324.48,227.26,0
302.78,239.48,0
300.24,248.66,0
272.89,234.62,0
295.56,232.50,0
319.74,231.67,0
314.83,216.50,0
285.56,216.05,0
300.73,245.08,0
451.03,526.81,1
453.50,545.98,1
469.11,560.36,1
449.24,549.01,1
467.21,536.12,1
471.46,553.93,1
462.63,529.12,1
476.25,527.66,1
461.56,554.45,1
460.64,533.96,1
293.14,263.63,0
294.57,268.66,0
281.43,260.87,0
283.20,260.40,0
278.10,252.50,0
289.37,263.52,0
296.85,263.74,0
289.90,257.66,0
483.65,517.36,1
483.42,523.16,1
482.29,519.04,1
492.49,521.47,1
263.55,262.33,0
253.86,275.52,0
260.72,254.76,0
277.76,272.62,0
266.08,248.88,0
262.85,273.04,0
266.40,272.58,0
278.13,256.95,0
280.22,264.96,0
262.47,264.62,0
510.54,496.32,1
518.92,507.25,1
493.39,500.10,1
499.50,491.42,1
508.49,516.87,1
510.75,519.28,1
488.33,509.38,1
503.85,508.44,1
508.66,501.65,1
512.70,501.09,1
488.81,500.91,1
501.14,515.58,1
257.44,277.65,0
242.19,285.07,0
248.45,286.32,0
250.12,296.36,0
256.83,280.98,0
254.26,283.43,0
255.26,289.43,0
246.76,287.54,0
252.39,285.12,0
256.39,314.12,0
228.30,301.04,0
230.51,311.53,0
236.80,311.03,0
253.92,304.36,0
248.49,307.55,0
250.70,326.67,0
247.81,310.63,0
233.70,299.27,0
260.58,320.02,0
219.20,311.66,0
233.79,330.70,0
545.24,452.48,1
521.59,445.44,1
534.16,454.30,1
527.47,465.09,1
508.13,463.69,1
511.29,438.68,1
515.60,449.40,1
517.82,441.04,1
516.57,428.55,1
538.13,438.49,1
506.29,452.53,1
519.83,480.33,1
507.55,457.05,1
513.10,428.88,1
530.19,479.32,1
512.22,430.53,1
541.81,470.74,1
524.83,433.02,1
543.26,473.99,1
244.53,354.95,0
217.20,357.48,0
242.68,361.88,0
222.49,381.52,0
233.10,351.76,0
230.84,376.98,0
236.79,342.46,0
210.51,361.67,0
213.65,338.70,0
221.23,341.15,0
203.38,343.31,0
541.34,417.60,1
555.43,405.47,1
538.12,416.15,1
547.61,395.34,1
557.17,412.92,1
522.47,423.75,1
534.81,423.43,1
525.13,420.29,1
549.89,422.16,1
550.99,412.95,1
230.41,387.54,0
231.47,388.36,0
256.80,407.21,0
228.04,410.45,0
260.90,393.38,0
250.67,401.25,0
232.85,417.18,0
223.51,399.54,0
232.69,391.72,0
241.11,404.42,0
242.87,405.20,0
230.97,394.96,0
526.17,378.42,1
534.78,376.63,1
532.12,378.70,1
537.52,370.71,1
516.49,360.83,1
538.22,373.63,1
533.12,359.21,1
527.73,377.22,1
518.90,366.91,1
542.21,338.02,1
552.21,330.68,1
550.32,329.64,1
546.11,333.07,1
523.88,338.30,1
532.88,354.23,1
530.09,344.56,1
519.73,332.34,1
273.77,435.84,0
258.63,443.98,0
244.89,438.07,0
253.37,442.81,0
250.27,429.87,0
267.68,448.85,0
260.28,432.37,0
259.39,431.85,0
501.50,331.26,1
495.53,333.77,1
500.55,328.49,1
490.48,328.03,1
510.60,329.78,1
519.28,318.23,1
504.56,330.35,1
287.72,456.63,0
274.82,470.68,0
267.87,461.46,0
273.20,460.63,0
274.83,455.93,0
488.50,314.58,1
489.12,313.14,1
496.72,304.92,1
491.13,308.44,1
299.35,462.72,0
310.11,477.83,0
299.89,476.61,0
297.23,480.66,0
288.64,482.33,0
308.60,479.67,0
276.35,471.71,0
306.20,476.03,0
305.66,487.07,0
283.38,492.67,0
306.89,487.83,0
483.30,295.72,1
490.75,285.21,1
476.14,279.89,1
474.13,281.25,1
463.32,296.01,1
484.50,277.32,1
479.41,295.72,1
473.20,283.98,1
473.64,295.78,1
469.98,299.17,1
453.38,301.19,1
457.82,302.11,1
454.25,289.07,1
446.52,292.57,1
452.40,300.21,1
462.64,289.64,1
457.76,293.27,1
454.09,287.70,1
315.25,489.40,0
325.80,482.71,0
327.82,493.68,0
320.53,503.24,0
330.60,484.07,0
346.30,494.05,0
343.37,485.35,0
330.23,497.82,0
338.67,495.88,0
325.00,486.35,0
343.90,500.74,0
437.51,280.33,1
431.47,270.06,1
433.98,283.97,1
430.46,266.21,1
446.84,269.59,1
425.85,278.88,1
451.80,275.06,1
432.11,265.32,1
355.64,503.77,0
347.73,493.74,0
347.65,508.97,0
353.04,490.11,0
351.74,499.27,0
426.64,280.99,1
412.99,271.33,1
419.18,274.14,1
425.73,269.75,1
413.14,283.48,1
416.04,275.77,1
411.86,279.36,1
416.69,272.33,1
355.74,484.74,0
380.16,496.59,0
367.96,489.22,0
368.09,491.01,0
373.34,479.82,0
369.26,508.57,0
362.16,485.65,0
348.97,489.16,0
348.86,489.96,0
362.77,480.53,0
359.50,498.45,0
362.31,496.33,0
409.14,275.23,1
393.83,279.46,1
407.56,278.31,1
408.12,277.96,1
388.03,272.71,1
377.07,264.51,1
384.98,271.38,1
391.49,276.74,1
391.14,277.39,1
381.07,264.42,1
390.01,502.39,0
386.59,485.19,0
415.78,492.89,0
409.08,495.63,0
398.60,467.42,0
397.93,468.70,0
408.21,503.20,0
421.27,481.14,0
414.74,483.45,0
395.34,473.33,0
393.92,475.22,0
390.61,499.60,0
367.85,295.75,1
371.44,294.24,1
368.58,289.76,1
367.42,294.94,1
361.72,285.19,1
374.61,283.66,1
376.64,291.37,1
375.45,291.60,1
354.88,280.42,1
416.78,466.58,0
415.14,468.68,0
432.48,478.58,0
433.82,467.06,0
422.98,486.15,0
433.43,469.24,0
340.08,290.95,1
345.72,297.35,1
332.13,307.49,1
356.46,298.71,1
338.61,310.95,1
427.37,442.12,0
434.32,442.21,0
437.85,457.75,0
436.80,448.34,0
438.53,451.84,0
438.41,443.95,0
433.10,460.13,0
323.41,315.38,1
312.77,304.77,1
326.65,304.58,1
327.34,306.75,1
325.21,317.29,1
325.29,310.15,1
319.59,304.88,1
309.53,314.97,1
327.43,327.19,1
321.34,326.49,1
320.66,328.79,1
307.56,315.03,1
324.21,332.32,1
314.47,323.68,1
317.84,321.14,1
461.58,439.99,0
448.70,438.78,0
455.07,446.41,0
457.33,450.10,0
451.94,449.19,0
463.90,454.65,0
462.19,414.62,0
454.14,428.36,0
449.84,423.32,0
443.25,421.50,0
449.35,413.35,0
291.77,350.24,1
301.01,356.48,1
293.16,341.19,1
307.01,349.29,1
305.38,355.30,1
290.82,342.97,1
322.58,345.89,1
310.15,336.62,1
306.10,355.42,1
475.66,400.67,0
465.92,407.71,0
474.89,416.22,0
466.39,404.82,0
477.96,410.06,0
459.43,409.26,0
466.99,415.49,0
465.48,400.93,0
466.62,410.27,0
453.49,402.44,0
470.69,385.93,0
453.78,399.71,0
457.69,384.88,0
454.10,389.75,0
458.56,392.02,0
304.61,383.46,1
307.51,367.07,1
300.47,367.67,1
303.59,384.62,1
298.70,375.33,1
309.51,370.23,1
308.73,378.55,1
447.72,363.08,0
457.49,381.62,0
445.52,370.26,0
451.16,369.82,0
453.33,382.76,0
441.18,376.98,0
450.43,378.92,0
446.75,373.49,0
316.96,378.57,1
308.56,400.92,1
304.34,386.13,1
328.12,393.42,1
324.28,385.25,1
319.39,400.01,1
315.26,399.63,1
325.84,410.89,1
336.70,414.33,1
327.27,415.93,1
326.98,417.06,1
332.19,418.16,1
329.91,416.16,1
333.39,411.82,1
385.71,383.08,1
382.77,384.62,0
376.25,385.48,0
392.80,384.23,1
401.26,389.25,1
370.04,378.98,0
401.58,392.62,1
400.04,399.19,1
401.09,408.34,1
399.30,412.98,1
392.51,409.68,1
373.98,351.11,0
389.81,426.49,1
378.66,349.12,0
383.19,424.77,1
383.12,344.82,0
378.29,423.19,1
391.83,342.84,0
368.85,431.08,1
399.78,338.37,0
361.56,426.37,1
404.42,340.52,0
349.34,430.18,1
418.35,339.15,0
345.31,421.87,1
424.87,343.42,0
336.88,417.78,1
433.25,350.11,0
326.96,411.67,1
449.36,363.12,0
316.85,393.50,1
451.19,372.79,0
305.01,373.76,1
461.72,394.12,0
465.53,407.87,0
306.02,346.24,1
453.09,418.39,0
306.67,328.66,1
459.61,441.12,0
318.30,318.85,1
444.53,444.78,0
321.24,303.51,1
434.62,450.81,0
342.70,303.40,1
426.49,474.54,0
365.15,285.20,1
401.60,485.83,0
382.59,274.89,1
400.55,278.26,1
364.45,494.75,0
420.01,278.78,1
347.41,498.71,0
438.49,273.14,1
328.92,491.78,0
457.50,287.90,1
312.16,483.23,0
476.95,287.98,1
292.64,480.93,0
488.04,305.41,1
276.56,459.35,0
503.66,321.86,1
257.83,444.79,0
531.96,333.93,1
253.55,421.90,0
526.56,366.41,1
241.74,402.75,0
531.14,385.26,1
536.82,409.13,1
223.50,356.20,0
528.35,427.17,1
242.88,338.22,0
524.50,453.64,1
239.75,315.21,0
514.35,480.19,1
250.59,290.13,0
501.00,509.09,1
264.56,263.93,0
486.10,519.21,1
290.22,256.64,0
468.57,543.19,1
296.69,222.07,0
434.58,555.90,1
322.88,209.60,0
407.87,569.65,1
360.65,206.23,0
386.81,198.89,0
348.77,576.66,1
415.39,197.99,0
324.80,579.15,1
437.04,202.72,0
289.43,568.35,1
467.64,207.28,0
264.65,544.31,1
502.78,216.07,0
234.72,537.34,1
541.74,231.08,0
220.15,502.47,1
562.96,261.56,0
188.20,475.75,1
580.48,284.20,0
177.18,445.66,1
594.41,316.69,0
161.23,412.39,1
611.06,349.40,0
153.10,384.54,1
616.64,391.03,0
150.96,341.59,1
617.05,415.91,0
142.47,296.57,1
616.90,459.65,0
158.95,260.00,1
183.51,233.44,1
587.29,525.70,0
201.78,198.90,1
570.87,561.59,0
224.80,169.16,1
530.18,599.64,0
259.13,147.37,1
518.90,627.42,0
305.96,117.64,1
469.69,643.37,0
336.52,109.51,1
425.74,652.63,0
380.75,100.82,1
379.38,660.88,0
439.23,96.89,1
347.63,663.48,0
473.71,103.19,1
294.71,663.52,0
515.07,116.35,1
564.22,145.53,1
204.62,622.49,0
604.64,151.46,1
180.44,595.20,0
639.07,198.49,1
127.58,579.19,0
661.69,232.12,1
93.61,521.51,0
685.38,294.50,1
91.55,484.63,0
704.43,337.24,1
61.73,433.17,0
725.66,389.90,1
56.84,392.65,0
726.38,447.47,1
51.96,336.77,0
709.68,498.28,1
66.28,290.09,0
697.38,553.49,1
86.00,231.85,0
661.39,594.59,1
101.55,167.28,0
628.37,645.60,1
144.80,129.52,0
601.49,673.04,1
165.24,87.10,0
547.90,713.94,1
217.10,66.15,0
503.79,739.27,1
276.31,34.26,0
442.72,755.36,1
335.21,10.54,0
388.36,770.26,1
391.90,-11.56,0
310.51,764.95,1
454.16,-11.13,0
260.30,759.04,1
510.87,17.39,0
214.30,734.16,1
569.42,14.89,0
163.90,707.35,1
634.66,40.73,0
86.88,668.16,1
674.23,91.25,0
46.17,640.02,1
720.28,147.39,0
10.19,559.70,1
752.95,203.04,0
-33.27,518.90,1
795.81,239.66,0
-26.58,455.00,1
828.48,323.89,0
