Patrones: Espiral 3
Salidas: Rojo, Azul, Verde
Entradas: X, Y
847.29,365.19,0
830.67,364.47,0
839.32,323.33,0
820.64,340.68,0
845.02,359.27,0
820.74,316.65,0
826.98,283.52,0
827.14,318.86,0
813.51,308.70,0
876.50,317.05,0
811.77,338.01,0
837.52,303.76,0
854.07,358.04,0
820.39,324.46,0
881.64,337.75,0
849.52,354.90,0
806.14,325.67,0
820.47,360.66,0
835.80,363.45,0
844.56,348.84,0
851.47,366.35,0
811.58,290.02,0
863.51,292.34,0
853.08,285.20,0
829.94,350.61,0
837.57,340.10,0
868.12,352.63,0
812.10,281.50,0
848.68,297.00,0
839.21,322.80,0
827.31,302.27,0
858.98,346.93,0
69.86,-9.58,1
49.45,60.50,1
139.15,-10.09,1
83.30,48.06,1
36.10,51.64,1
110.89,30.71,1
43.08,40.32,1
92.12,-44.93,1
142.39,22.93,1
24.15,27.65,1
150.13,29.71,1
95.52,70.66,1
98.74,-19.04,1
143.89,-24.75,1
151.80,4.80,1
53.82,56.65,1
96.21,28.40,1
123.36,-18.72,1
61.44,-18.15,1
106.24,31.86,1
38.15,-5.08,1
67.42,58.32,1
105.73,59.59,1
114.65,-16.54,1
150.46,16.06,1
118.73,49.92,1
26.32,12.79,1
150.30,44.80,1
128.56,18.77,1
67.31,-22.65,1
47.92,11.47,1
69.92,-6.18,1
114.16,22.91,1
115.11,41.12,1
77.56,-37.03,1
133.85,-11.25,1
217.14,794.47,2
240.35,808.47,2
217.85,821.89,2
224.78,809.65,2
208.54,804.50,2
218.82,796.58,2
211.37,811.59,2
809.36,240.10,0
779.87,234.75,0
829.98,267.37,0
806.20,244.09,0
830.04,230.12,0
786.13,260.46,0
815.44,226.76,0
811.92,257.13,0
806.84,248.42,0
811.10,259.66,0
792.67,256.42,0
830.42,221.63,0
815.76,273.77,0
830.51,242.97,0
793.80,224.30,0
805.64,247.21,0
810.68,253.66,0
829.54,229.41,0
807.70,270.32,0
780.18,244.53,0
793.45,231.57,0
802.46,226.13,0
780.75,233.98,0
42.72,102.13,1
23.86,94.50,1
52.91,100.60,1
45.45,87.18,1
36.32,92.03,1
33.68,97.04,1
39.79,79.33,1
267.18,849.49,2
263.45,812.16,2
276.09,830.40,2
317.63,828.48,2
268.52,847.41,2
303.08,791.45,2
265.05,779.30,2
302.42,834.76,2
255.28,822.07,2
304.85,784.28,2
264.28,815.68,2
297.60,785.69,2
296.02,800.82,2
277.01,779.47,2
275.72,807.37,2
289.84,784.64,2
277.29,800.76,2
288.55,828.12,2
257.53,783.27,2
301.34,801.77,2
249.58,820.71,2
289.51,789.14,2
242.34,820.56,2
249.70,817.96,2
780.26,191.21,0
770.88,184.02,0
758.20,196.44,0
773.52,205.99,0
779.28,181.02,0
762.17,189.31,0
777.75,214.76,0
757.49,203.48,0
790.50,191.98,0
36.09,153.91,1
47.33,108.63,1
61.13,142.73,1
13.08,122.86,1
30.38,147.38,1
31.97,151.13,1
49.02,138.48,1
58.24,161.40,1
44.20,134.05,1
50.96,134.01,1
3.91,117.64,1
20.25,128.83,1
58.49,156.81,1
48.62,120.87,1
26.52,170.91,1
15.35,159.83,1
64.68,136.18,1
2.96,164.20,1
44.43,120.29,1
32.85,162.37,1
37.39,137.02,1
25.01,162.66,1
8.97,142.39,1
-2.26,146.25,1
19.91,128.40,1
11.40,110.41,1
331.02,787.34,2
348.94,786.22,2
346.14,824.14,2
379.45,809.00,2
367.16,846.70,2
346.10,833.31,2
373.16,832.28,2
391.36,808.83,2
390.59,774.75,2
364.49,779.13,2
353.72,780.02,2
384.59,776.77,2
335.12,839.33,2
327.31,810.05,2
346.93,795.72,2
334.78,831.78,2
385.87,839.39,2
403.21,823.66,2
365.31,795.68,2
392.72,841.67,2
348.05,773.33,2
364.47,802.62,2
724.32,107.32,0
732.44,103.18,0
753.50,118.12,0
759.47,134.76,0
751.86,116.96,0
720.06,106.07,0
724.61,142.30,0
736.88,111.75,0
732.58,145.06,0
716.33,107.88,0
754.30,127.80,0
701.53,130.82,0
702.42,148.32,0
742.48,144.24,0
725.77,123.45,0
725.46,133.66,0
725.51,121.76,0
8.01,219.39,1
-30.22,203.48,1
-21.34,210.16,1
15.25,189.24,1
-9.08,172.29,1
-0.13,189.58,1
-14.46,244.68,1
-11.95,251.25,1
-28.13,218.25,1
-18.47,248.04,1
-40.06,179.98,1
-39.77,193.26,1
-47.38,190.15,1
-25.76,221.87,1
-10.02,242.16,1
-9.99,250.34,1
-53.55,208.18,1
-5.09,233.92,1
5.48,204.31,1
-33.13,197.95,1
-51.80,229.13,1
15.62,204.91,1
-14.07,222.07,1
-50.55,204.54,1
-24.25,192.80,1
-50.58,191.04,1
422.87,808.76,2
432.37,827.43,2
419.11,833.57,2
441.60,812.76,2
449.76,804.37,2
425.94,843.79,2
415.14,816.51,2
412.22,829.43,2
418.21,812.53,2
434.97,801.61,2
438.36,803.90,2
447.85,797.43,2
457.18,827.37,2
448.14,811.09,2
463.07,825.04,2
439.58,823.45,2
420.23,810.21,2
692.15,119.70,0
714.05,77.91,0
678.13,66.52,0
707.55,90.25,0
699.45,83.22,0
699.40,78.92,0
680.82,82.66,0
687.93,100.44,0
678.72,97.56,0
696.49,83.33,0
712.14,99.06,0
715.76,71.05,0
714.80,85.71,0
-54.73,292.77,1
-23.97,256.72,1
-36.65,253.63,1
-68.49,284.46,1
-53.21,302.79,1
-15.15,279.49,1
-54.94,304.93,1
-17.74,282.00,1
-6.74,267.29,1
-51.65,256.95,1
-52.06,302.20,1
-64.41,258.35,1
-55.36,303.62,1
-46.17,251.57,1
-34.59,279.69,1
-54.45,262.29,1
-42.48,265.33,1
-71.61,278.99,1
-17.59,265.24,1
-14.01,298.34,1
-48.38,281.49,1
-32.77,252.19,1
498.34,794.30,2
479.45,808.77,2
500.90,791.87,2
484.82,808.47,2
494.89,813.09,2
476.40,792.11,2
522.75,794.96,2
466.67,761.56,2
496.66,786.16,2
480.86,751.27,2
467.85,773.00,2
510.03,818.87,2
512.88,817.04,2
469.31,761.48,2
515.50,782.86,2
463.53,812.05,2
458.37,784.26,2
487.01,821.46,2
495.16,820.63,2
514.59,781.53,2
509.60,757.38,2
637.05,48.87,0
618.73,51.00,0
642.51,48.30,0
604.64,44.45,0
629.89,54.41,0
632.06,34.86,0
615.65,60.01,0
601.31,52.60,0
621.95,22.75,0
617.90,27.57,0
604.60,40.24,0
625.69,38.79,0
617.85,63.42,0
634.37,52.87,0
633.56,58.83,0
612.45,60.18,0
-24.57,318.41,1
-34.57,328.64,1
-48.82,348.64,1
-43.33,349.83,1
-46.29,332.92,1
-46.33,348.12,1
-14.10,343.02,1
-13.31,360.07,1
-12.76,362.02,1
-15.58,362.94,1
-36.88,374.62,1
-54.51,364.79,1
576.81,780.11,2
579.29,785.49,2
566.51,793.16,2
589.14,798.93,2
568.92,804.39,2
576.48,792.69,2
570.38,787.29,2
586.52,797.71,2
542.73,9.31,0
583.15,33.05,0
572.26,8.09,0
567.54,48.25,0
568.91,4.00,0
571.57,32.72,0
584.03,19.77,0
572.31,40.22,0
582.50,7.55,0
547.76,20.93,0
554.68,-8.56,0
583.21,38.36,0
583.74,30.15,0
554.98,39.10,0
587.54,11.17,0
599.07,37.60,0
575.38,10.03,0
551.65,23.22,0
545.26,41.55,0
555.12,36.96,0
585.21,36.56,0
587.94,24.02,0
568.62,44.21,0
-24.52,376.39,1
-36.26,382.46,1
-58.95,425.37,1
-22.42,375.21,1
-28.83,402.60,1
-39.67,388.14,1
-15.29,390.95,1
-15.60,421.04,1
-33.79,375.80,1
-13.78,391.79,1
-43.03,429.16,1
-34.22,387.10,1
-19.18,381.95,1
-53.86,423.18,1
-24.05,393.34,1
-17.55,411.58,1
-31.73,435.31,1
-11.64,390.71,1
-49.22,413.13,1
-53.57,416.32,1
613.27,703.58,2
614.31,686.18,2
634.57,759.74,2
611.72,720.71,2
653.52,732.93,2
581.44,722.74,2
661.97,738.32,2
640.90,746.75,2
619.29,702.28,2
584.26,723.63,2
609.96,720.80,2
609.97,693.61,2
621.33,774.88,2
607.90,748.21,2
601.39,687.51,2
653.41,739.18,2
611.80,726.53,2
627.79,777.81,2
597.35,740.86,2
579.45,767.21,2
640.75,752.64,2
623.21,703.76,2
621.97,731.58,2
626.51,780.33,2
567.50,729.56,2
631.06,764.53,2
630.64,703.96,2
618.55,761.15,2
624.01,692.68,2
581.27,696.90,2
615.33,707.90,2
588.62,733.90,2
593.10,740.28,2
510.11,-3.30,0
541.39,-56.11,0
491.40,-70.77,0
508.36,-40.01,0
518.79,5.45,0
545.00,-52.92,0
535.99,-8.82,0
515.49,-21.59,0
479.52,-7.88,0
561.21,-34.77,0
511.84,4.77,0
478.14,-43.31,0
545.73,-35.94,0
549.58,-11.33,0
551.10,-10.63,0
499.97,-38.73,0
544.34,-1.27,0
515.54,11.43,0
496.44,-23.21,0
530.74,-35.05,0
488.08,-50.45,0
519.70,-73.65,0
524.52,-5.35,0
505.85,-31.75,0
466.56,-26.33,0
528.59,-11.82,0
507.23,-65.30,0
537.55,-46.02,0
557.46,-30.16,0
-32.28,441.35,1
-30.45,495.01,1
-6.46,489.99,1
-31.61,446.46,1
-31.89,509.09,1
-45.87,458.28,1
-11.45,457.31,1
-41.64,438.62,1
24.23,482.22,1
5.00,495.97,1
-16.75,430.33,1
-56.09,435.38,1
-54.90,501.01,1
-10.73,497.48,1
-50.78,459.03,1
1.35,457.79,1
-14.77,467.64,1
-8.58,479.72,1
-19.24,436.34,1
-29.65,507.75,1
-35.75,466.46,1
-26.99,436.00,1
-13.28,499.73,1
-60.87,470.09,1
-47.70,450.97,1
-20.47,487.17,1
-39.97,480.69,1
-33.69,439.62,1
661.51,677.51,2
659.03,676.83,2
659.87,683.83,2
672.30,679.29,2
661.20,671.44,2
658.99,677.82,2
439.59,-19.42,0
455.23,-26.82,0
456.31,-22.50,0
428.06,-23.72,0
446.48,-44.47,0
449.76,-28.15,0
428.66,-33.86,0
450.74,-9.55,0
456.98,-51.73,0
467.26,-26.97,0
436.89,-29.74,0
-4.48,528.98,1
17.89,555.37,1
20.88,541.10,1
-5.28,516.45,1
-12.76,517.48,1
-0.93,545.84,1
9.48,565.36,1
-13.00,538.96,1
27.21,550.53,1
3.98,558.65,1
3.84,540.84,1
10.97,550.65,1
16.36,512.83,1
-19.11,531.16,1
22.94,559.96,1
-12.75,545.71,1
689.02,673.46,2
735.78,625.58,2
676.76,641.25,2
661.57,670.71,2
714.82,609.33,2
739.23,639.28,2
692.73,597.15,2
738.81,638.82,2
749.94,640.50,2
716.11,661.03,2
732.09,635.40,2
672.15,664.22,2
738.56,649.10,2
719.57,685.93,2
725.08,606.34,2
709.71,612.47,2
718.70,639.78,2
705.91,698.19,2
749.35,633.53,2
699.80,681.57,2
721.28,601.15,2
707.67,627.27,2
723.90,631.98,2
693.93,621.52,2
685.76,624.95,2
696.88,678.67,2
652.38,657.59,2
675.00,670.82,2
730.65,619.76,2
371.68,-27.90,0
401.35,-32.44,0
373.92,-1.23,0
383.32,-21.76,0
421.09,-39.12,0
419.03,-23.71,0
383.20,-29.01,0
423.23,1.87,0
411.04,-21.88,0
409.33,-33.60,0
426.78,-24.85,0
365.54,-10.47,0
384.65,-24.58,0
400.22,1.04,0
383.94,-11.28,0
399.75,-27.79,0
369.22,-42.47,0
18.61,564.00,1
50.24,557.77,1
48.04,614.30,1
69.97,590.02,1
68.36,584.88,1
42.85,629.47,1
49.93,612.22,1
60.07,616.20,1
32.02,617.47,1
22.44,594.53,1
31.02,573.67,1
26.94,565.97,1
43.60,587.37,1
30.25,591.47,1
13.31,566.38,1
75.13,585.15,1
17.46,614.44,1
732.90,578.28,2
735.59,607.31,2
731.06,561.15,2
730.15,585.66,2
770.24,579.61,2
735.04,546.98,2
757.67,567.28,2
750.44,606.86,2
728.56,556.56,2
728.09,561.91,2
741.26,590.95,2
747.36,602.90,2
743.83,554.60,2
741.03,572.86,2
727.54,563.30,2
726.06,563.00,2
727.99,603.91,2
755.27,587.66,2
291.89,-1.68,0
332.85,9.36,0
273.89,-17.63,0
295.83,-13.33,0
313.64,-52.35,0
285.58,15.35,0
287.14,7.24,0
277.30,13.71,0
317.03,11.97,0
316.86,-7.46,0
340.83,18.53,0
321.42,14.53,0
310.43,27.97,0
328.31,-37.49,0
354.32,-17.50,0
310.36,-43.65,0
357.17,-26.43,0
343.14,-2.84,0
341.81,-1.64,0
273.26,9.23,0
271.02,-1.37,0
328.34,-26.03,0
280.60,-24.90,0
311.85,-60.37,0
346.41,-39.99,0
303.77,-19.07,0
310.01,-20.95,0
281.47,17.80,0
281.26,11.02,0
346.19,10.46,0
351.27,-8.52,0
324.67,-26.86,0
97.13,619.93,1
74.71,609.90,1
93.00,616.44,1
73.14,623.18,1
88.80,626.56,1
72.62,627.50,1
78.20,633.27,1
755.98,543.89,2
740.31,522.96,2
741.46,523.89,2
734.01,513.57,2
740.03,516.41,2
740.14,546.45,2
753.43,511.93,2
763.80,529.09,2
740.72,540.34,2
143.00,650.00,1
118.34,681.51,1
120.79,712.27,1
149.96,677.22,1
102.29,670.14,1
128.38,625.31,1
129.73,673.77,1
164.92,693.73,1
92.28,690.67,1
139.31,662.42,1
119.76,714.66,1
124.42,639.72,1
136.48,627.87,1
100.94,684.59,1
138.44,702.70,1
169.80,655.49,1
93.04,635.96,1
134.78,670.57,1
142.92,709.69,1
160.17,683.25,1
75.63,655.06,1
133.18,716.37,1
118.50,689.85,1
144.98,648.38,1
158.00,638.12,1
119.91,699.31,1
123.87,652.50,1
748.89,440.35,2
777.92,494.74,2
800.67,459.37,2
786.11,487.13,2
723.37,464.86,2
794.98,484.23,2
770.56,457.48,2
743.62,508.89,2
721.66,483.28,2
746.66,495.12,2
781.63,506.98,2
801.28,487.45,2
793.35,471.92,2
764.27,479.38,2
799.41,469.23,2
243.82,28.35,0
229.32,67.36,0
214.78,43.57,0
187.33,47.76,0
194.43,57.67,0
220.63,65.87,0
205.44,1.43,0
218.87,22.68,0
251.28,14.74,0
220.86,11.51,0
206.69,30.21,0
198.70,63.02,0
232.15,67.37,0
248.51,21.64,0
214.95,15.68,0
228.40,0.70,0
237.93,59.67,0
206.79,27.92,0
221.34,36.68,0
230.31,-2.07,0
225.00,65.99,0
195.25,38.96,0
201.48,0.82,0
232.27,40.87,0
189.27,44.81,0
195.40,40.96,0
183.95,715.96,1
171.40,726.30,1
161.44,711.89,1
184.11,709.95,1
191.80,737.88,1
194.73,735.46,1
181.08,740.94,1
163.96,720.92,1
161.94,738.06,1
161.57,699.81,1
157.15,735.27,1
167.28,719.73,1
190.22,735.71,1
158.36,734.65,1
772.43,427.35,2
757.71,409.66,2
777.55,407.46,2
765.46,402.35,2
778.86,408.96,2
787.38,418.84,2
771.78,394.04,2
771.77,391.94,2
766.71,387.46,2
773.19,433.08,2
764.53,406.76,2
775.89,432.87,2
761.83,394.48,2
769.41,423.86,2
754.23,424.86,2
780.37,405.94,2
143.51,95.03,0
163.30,62.33,0
163.67,66.23,0
140.41,63.78,0
169.67,74.43,0
145.31,53.24,0
152.51,54.84,0
137.81,70.82,0
136.21,72.86,0
142.66,80.42,0
154.20,86.11,0
224.99,734.16,1
217.25,717.88,1
246.07,719.81,1
208.98,752.42,1
237.71,752.31,1
211.94,747.99,1
223.32,760.71,1
242.74,731.54,1
223.18,720.51,1
218.89,703.95,1
202.22,737.54,1
262.77,728.94,1
238.90,765.10,1
220.46,758.42,1
228.22,762.79,1
194.52,740.06,1
239.25,767.80,1
205.24,720.76,1
752.25,315.41,2
765.58,311.84,2
746.09,326.55,2
774.51,316.06,2
754.77,339.59,2
757.05,318.75,2
776.93,324.40,2
777.04,337.80,2
784.92,339.84,2
758.77,322.90,2
116.07,93.32,0
67.74,134.56,0
138.67,115.76,0
112.03,161.97,0
133.96,89.87,0
145.53,137.53,0
84.22,124.14,0
129.18,122.28,0
149.90,113.42,0
114.00,125.22,0
74.07,100.93,0
136.27,131.63,0
102.08,126.39,0
130.76,148.73,0
96.40,97.69,0
141.13,109.01,0
121.06,137.28,0
85.44,140.13,0
294.72,768.65,1
322.48,739.96,1
288.67,729.66,1
323.85,736.22,1
304.84,718.54,1
319.75,760.96,1
306.37,737.32,1
299.28,779.69,1
274.37,715.12,1
267.58,718.37,1
303.64,720.34,1
269.20,765.10,1
307.50,758.14,1
301.19,773.17,1
319.10,757.15,1
773.65,274.78,2
797.36,289.21,2
796.99,295.00,2
745.25,269.27,2
731.25,305.47,2
783.50,263.51,2
739.51,280.61,2
786.75,292.16,2
782.88,304.03,2
780.38,302.34,2
787.16,298.38,2
772.41,309.17,2
763.51,289.04,2
741.80,243.25,2
722.27,289.12,2
780.33,265.08,2
762.09,307.64,2
79.11,161.67,0
87.83,179.96,0
79.50,161.02,0
77.87,155.92,0
96.56,171.44,0
89.14,192.14,0
96.91,192.72,0
83.82,168.99,0
82.29,172.94,0
85.55,194.47,0
360.23,748.70,1
353.57,721.56,1
369.69,768.17,1
328.70,755.21,1
332.46,765.94,1
356.99,735.08,1
367.81,764.48,1
363.14,737.45,1
373.53,762.85,1
368.64,759.89,1
329.47,713.85,1
327.22,736.17,1
323.80,728.27,1
374.63,721.55,1
719.89,244.36,2
733.95,225.91,2
716.38,190.99,2
723.01,196.85,2
708.70,231.64,2
739.54,183.42,2
753.37,225.51,2
718.06,234.35,2
724.34,251.22,2
710.55,193.33,2
733.97,190.31,2
731.65,203.59,2
703.14,221.33,2
725.93,210.47,2
751.56,210.23,2
705.77,231.23,2
757.18,207.94,2
719.17,183.36,2
749.58,231.24,2
734.69,207.91,2
731.67,247.57,2
757.85,208.50,2
730.95,225.05,2
48.86,188.35,0
72.17,198.40,0
71.50,208.82,0
64.34,184.50,0
88.07,217.24,0
53.93,217.50,0
55.69,208.36,0
74.86,235.53,0
70.92,185.24,0
84.97,195.37,0
52.20,187.45,0
54.76,195.98,0
57.80,214.50,0
58.54,211.41,0
64.88,220.32,0
73.56,233.27,0
53.59,218.27,0
44.97,216.47,0
55.64,227.66,0
389.42,715.91,1
389.81,731.85,1
409.71,746.00,1
414.41,715.20,1
419.58,740.78,1
381.58,721.62,1
384.87,745.56,1
394.46,744.10,1
406.65,743.01,1
420.42,738.81,1
403.59,733.92,1
701.22,166.79,2
693.64,191.01,2
694.04,174.49,2
708.44,164.83,2
687.45,173.57,2
701.37,178.07,2
682.81,192.68,2
714.03,171.96,2
708.27,173.28,2
700.69,170.34,2
706.95,189.15,2
676.39,180.17,2
43.91,295.05,0
-5.06,279.68,0
79.72,281.12,0
51.44,307.51,0
59.37,254.70,0
56.03,237.29,0
74.87,269.26,0
-6.19,279.02,0
70.52,281.99,0
32.94,264.96,0
37.23,304.69,0
51.65,248.01,0
77.11,298.16,0
41.35,247.18,0
70.66,297.86,0
33.80,308.81,0
81.32,302.74,0
28.09,280.36,0
60.56,308.33,0
24.54,275.97,0
26.32,239.05,0
22.45,239.54,0
484.73,748.94,1
449.77,751.18,1
466.93,732.47,1
455.64,753.86,1
441.86,724.63,1
447.24,750.38,1
449.51,718.34,1
432.64,726.94,1
473.17,739.89,1
447.48,716.20,1
443.76,733.27,1
439.84,750.31,1
443.91,727.05,1
630.87,141.14,2
690.24,136.67,2
657.08,123.10,2
675.36,138.46,2
627.41,155.39,2
684.02,147.43,2
666.08,173.39,2
681.65,119.85,2
660.12,116.36,2
680.80,132.88,2
686.06,121.77,2
653.40,128.41,2
649.73,139.45,2
650.65,126.21,2
680.47,148.35,2
672.08,113.10,2
648.22,171.43,2
653.91,122.33,2
29.07,332.96,0
31.70,327.38,0
43.20,348.58,0
18.94,354.43,0
19.28,329.18,0
37.61,351.57,0
43.81,337.33,0
26.80,337.47,0
54.72,336.54,0
28.58,350.54,0
17.71,331.85,0
522.05,719.73,1
496.74,703.95,1
542.11,710.59,1
493.67,733.66,1
488.45,718.95,1
526.17,736.02,1
482.01,714.76,1
542.48,716.20,1
513.06,749.68,1
495.22,721.69,1
503.53,709.90,1
532.24,744.47,1
522.27,735.20,1
528.15,705.13,1
468.60,704.51,1
505.97,684.58,1
502.21,700.03,1
500.54,693.55,1
510.16,735.03,1
505.63,753.80,1
539.27,716.61,1
523.93,695.60,1
481.73,725.77,1
501.84,711.39,1
521.38,688.31,1
588.50,105.54,2
621.62,113.00,2
597.30,139.11,2
621.79,86.52,2
596.76,131.56,2
610.04,125.40,2
612.56,83.43,2
578.05,98.70,2
614.52,104.26,2
586.70,116.94,2
602.55,129.04,2
591.61,101.07,2
566.17,112.77,2
573.08,108.23,2
591.59,123.90,2
595.28,135.54,2
589.67,91.93,2
621.26,122.65,2
615.54,132.56,2
618.60,105.34,2
586.66,121.64,2
588.02,84.52,2
604.19,125.91,2
31.54,394.24,0
43.04,420.08,0
43.40,371.52,0
38.74,362.88,0
44.20,366.91,0
40.91,373.58,0
22.70,425.23,0
26.06,405.23,0
12.80,409.97,0
54.08,407.36,0
13.88,414.27,0
4.72,386.55,0
34.80,397.64,0
33.82,363.04,0
68.94,403.64,0
68.73,387.07,0
33.18,367.03,0
40.46,397.95,0
19.57,362.00,0
47.39,416.02,0
52.82,408.93,0
27.77,395.63,0
552.64,709.02,1
538.67,662.02,1
536.30,694.25,1
542.86,676.58,1
520.66,674.68,1
568.72,650.27,1
557.30,669.84,1
572.41,707.38,1
566.10,710.74,1
546.96,691.56,1
557.39,644.49,1
582.82,683.45,1
567.72,685.28,1
558.54,79.30,2
563.37,56.65,2
572.35,78.83,2
560.09,64.37,2
542.93,68.18,2
539.17,55.51,2
565.50,82.08,2
531.56,78.23,2
564.84,88.85,2
543.47,67.23,2
569.50,61.86,2
542.53,60.50,2
557.42,99.80,2
563.69,60.89,2
568.29,72.49,2
545.25,59.15,2
546.82,69.64,2
45.74,437.41,0
41.10,431.98,0
50.22,440.36,0
39.37,441.42,0
45.35,446.13,0
39.89,435.36,0
51.83,447.27,0
52.17,450.11,0
50.71,441.40,0
41.13,450.66,0
617.20,645.31,1
626.27,643.73,1
619.49,660.08,1
630.25,648.77,1
608.95,665.72,1
598.58,662.31,1
615.41,650.73,1
620.01,661.56,1
610.53,652.21,1
506.94,72.04,2
494.47,51.93,2
503.01,69.92,2
488.14,64.89,2
522.25,72.99,2
495.34,79.50,2
498.46,83.24,2
525.33,84.15,2
523.50,58.18,2
89.49,465.60,0
73.39,465.04,0
76.84,449.23,0
55.51,449.88,0
72.23,497.09,0
36.71,456.63,0
46.04,490.87,0
41.58,508.44,0
55.01,511.23,0
41.25,475.91,0
49.27,483.99,0
92.71,501.30,0
65.34,463.59,0
89.84,475.90,0
73.27,471.72,0
89.96,463.61,0
66.13,485.46,0
39.05,498.65,0
42.54,468.01,0
53.16,467.01,0
83.34,479.09,0
606.80,627.62,1
627.87,631.63,1
644.33,632.37,1
615.65,591.31,1
636.23,598.22,1
606.03,607.43,1
617.75,603.16,1
633.48,618.81,1
618.45,635.27,1
626.24,620.69,1
485.82,71.77,2
472.00,18.45,2
465.68,25.47,2
441.97,33.80,2
432.13,76.06,2
487.03,34.83,2
465.92,78.15,2
469.25,23.46,2
477.95,69.57,2
454.28,80.45,2
480.27,75.64,2
485.97,47.95,2
420.12,44.59,2
479.28,45.06,2
459.87,87.34,2
487.87,70.72,2
422.05,69.59,2
419.49,49.43,2
459.13,31.10,2
466.75,66.95,2
474.69,22.62,2
464.44,38.36,2
452.44,70.61,2
85.67,526.98,0
105.27,520.20,0
96.07,533.37,0
88.66,528.93,0
106.94,519.93,0
110.29,521.91,0
649.65,542.88,1
682.94,571.67,1
641.17,591.33,1
661.13,553.37,1
641.46,549.01,1
666.91,596.06,1
634.93,574.56,1
671.56,561.38,1
669.50,540.63,1
671.33,587.63,1
684.70,563.63,1
668.61,595.00,1
633.51,580.98,1
653.35,591.08,1
403.65,62.75,2
394.18,67.86,2
382.85,68.47,2
397.06,58.60,2
405.17,63.89,2
388.82,69.87,2
392.84,55.44,2
107.82,533.58,0
130.07,556.38,0
90.68,562.88,0
149.44,565.44,0
126.46,566.14,0
92.19,548.71,0
106.84,551.10,0
124.20,574.86,0
148.91,570.32,0
130.71,559.12,0
104.42,557.65,0
115.81,567.46,0
102.93,593.52,0
146.60,578.84,0
139.60,544.92,0
109.22,553.32,0
92.76,580.88,0
99.40,538.28,0
674.00,494.95,1
657.47,521.26,1
682.38,487.09,1
657.28,491.90,1
644.52,501.99,1
685.47,532.24,1
653.86,516.94,1
696.54,524.67,1
653.23,542.29,1
657.93,495.87,1
695.25,502.64,1
697.50,531.67,1
692.56,507.61,1
375.99,23.72,2
340.96,63.03,2
369.79,49.57,2
385.25,72.14,2
328.25,69.85,2
347.64,79.70,2
343.21,28.61,2
358.37,22.34,2
321.36,48.00,2
357.15,80.43,2
348.12,20.61,2
334.43,38.47,2
362.52,85.20,2
357.80,53.21,2
375.87,51.53,2
324.17,53.13,2
335.95,57.60,2
369.26,70.51,2
174.23,597.71,0
179.87,608.87,0
144.72,612.79,0
189.19,595.34,0
157.63,598.03,0
148.85,581.91,0
160.15,597.10,0
153.96,598.52,0
164.02,622.56,0
174.13,582.57,0
163.70,589.96,0
168.01,625.62,0
180.78,588.61,0
156.25,607.49,0
151.09,581.96,0
145.88,599.29,0
162.80,598.73,0
167.42,621.22,0
142.31,606.84,0
150.17,611.94,0
160.62,615.44,0
288.12,65.77,2
296.10,67.00,2
288.81,64.14,2
296.31,79.81,2
286.97,73.84,2
290.62,83.32,2
280.80,72.11,2
300.83,75.12,2
203.20,616.84,0
198.62,624.79,0
221.66,636.34,0
211.07,615.94,0
191.37,624.75,0
186.25,614.66,0
192.00,609.08,0
213.65,610.70,0
215.86,639.16,0
202.16,613.89,0
190.21,617.22,0
192.18,627.71,0
203.34,631.22,0
215.39,603.78,0
189.44,605.03,0
225.21,623.28,0
198.09,621.98,0
694.42,433.96,1
714.72,447.50,1
681.41,410.13,1
690.45,437.34,1
734.36,426.46,1
694.72,416.73,1
702.84,449.87,1
720.74,452.76,1
680.47,397.47,1
677.76,382.78,1
749.27,411.93,1
729.76,436.66,1
712.87,452.83,1
711.00,407.19,1
677.95,401.75,1
696.37,454.60,1
742.87,437.97,1
736.96,428.00,1
712.28,408.42,1
707.70,427.55,1
748.49,416.53,1
675.41,441.09,1
690.63,395.08,1
714.81,450.04,1
675.51,418.37,1
742.41,409.97,1
715.16,427.02,1
709.55,447.21,1
272.28,69.79,2
278.65,82.79,2
281.45,93.99,2
254.78,72.68,2
265.86,80.98,2
281.40,75.94,2
278.49,70.66,2
261.01,69.54,2
284.04,103.40,2
259.23,79.26,2
272.97,92.41,2
281.89,91.40,2
257.92,659.52,0
258.55,660.70,0
231.40,648.29,0
229.51,668.61,0
244.57,650.71,0
235.50,649.62,0
226.88,670.93,0
233.79,633.76,0
233.23,658.45,0
195.84,118.70,2
232.10,103.50,2
189.72,128.36,2
226.51,135.54,2
242.96,111.97,2
204.02,109.55,2
189.59,115.74,2
199.28,135.00,2
239.54,124.31,2
236.94,97.86,2
212.99,83.29,2
216.23,96.85,2
216.83,114.18,2
217.21,85.86,2
207.74,117.58,2
199.83,93.76,2
205.20,98.53,2
231.68,129.73,2
252.05,672.22,0
260.84,691.99,0
292.50,695.02,0
267.35,658.79,0
257.58,699.31,0
293.49,666.81,0
258.22,673.98,0
270.35,688.44,0
292.97,671.81,0
283.25,703.95,0
282.84,665.64,0
291.32,699.12,0
284.22,694.30,0
265.79,673.31,0
305.91,676.52,0
259.27,687.13,0
283.47,661.21,0
276.13,685.64,0
293.04,702.19,0
283.62,654.13,0
696.39,321.21,1
717.37,312.36,1
691.49,302.23,1
686.38,305.69,1
685.01,362.26,1
657.16,314.78,1
688.47,323.84,1
697.91,343.75,1
655.07,338.19,1
663.27,344.29,1
696.98,332.11,1
688.90,326.65,1
652.77,343.98,1
667.63,363.97,1
647.86,317.61,1
715.00,313.56,1
697.48,332.87,1
676.72,338.90,1
702.29,332.44,1
191.41,143.77,2
177.00,183.42,2
187.10,163.17,2
165.57,166.00,2
203.39,148.15,2
173.79,170.56,2
177.16,155.96,2
193.77,165.19,2
184.27,167.18,2
176.76,179.01,2
187.35,176.67,2
165.96,155.82,2
179.77,184.50,2
167.44,155.36,2
195.54,172.94,2
182.45,175.80,2
161.21,156.56,2
333.19,699.10,0
320.70,707.95,0
333.43,663.95,0
314.43,697.31,0
353.83,703.85,0
337.78,694.72,0
346.79,668.42,0
306.32,677.86,0
334.83,694.69,0
324.83,698.10,0
335.95,696.60,0
334.49,692.37,0
331.30,701.24,0
319.18,695.08,0
326.69,660.54,0
353.94,675.35,0
347.38,703.72,0
358.94,681.70,0
635.28,272.02,1
667.14,259.27,1
660.16,288.03,1
661.37,296.07,1
648.45,279.70,1
661.90,258.92,1
630.04,278.08,1
672.67,256.08,1
639.58,258.17,1
651.24,296.10,1
660.97,298.99,1
666.82,265.54,1
653.07,305.74,1
167.54,207.06,2
161.92,177.25,2
146.58,183.50,2
161.94,206.58,2
144.87,203.98,2
133.59,197.96,2
157.89,208.18,2
157.14,195.36,2
147.35,190.70,2
147.87,182.51,2
177.30,212.32,2
161.45,197.72,2
151.13,214.69,2
147.19,176.53,2
142.01,190.25,2
376.55,672.26,0
362.90,676.70,0
383.48,689.50,0
390.11,663.89,0
369.39,662.66,0
398.89,643.23,0
385.62,661.76,0
415.78,674.21,0
387.90,697.07,0
403.23,648.47,0
378.48,674.47,0
392.85,640.88,0
641.36,244.32,1
645.17,230.82,1
641.64,238.86,1
635.10,234.28,1
648.83,228.75,1
652.23,250.70,1
635.02,234.93,1
636.04,247.05,1
640.43,248.99,1
638.86,241.29,1
123.53,259.30,2
123.04,251.91,2
140.17,268.12,2
129.45,261.94,2
118.23,232.04,2
159.76,239.80,2
111.78,233.61,2
141.95,222.49,2
157.20,252.95,2
151.65,226.43,2
163.05,254.71,2
147.95,229.06,2
116.38,223.39,2
134.69,249.85,2
164.35,249.87,2
123.97,218.88,2
121.43,226.66,2
113.36,256.20,2
151.17,223.94,2
431.24,657.66,0
437.58,668.72,0
443.73,661.45,0
437.36,667.36,0
440.12,656.92,0
420.85,666.11,0
622.27,179.65,1
604.07,212.20,1
642.25,202.15,1
572.02,197.52,1
663.53,205.51,1
640.43,202.05,1
632.70,171.82,1
601.56,190.85,1
656.65,206.16,1
622.70,217.59,1
636.64,168.35,1
661.83,210.59,1
598.04,212.83,1
612.33,234.16,1
614.55,163.76,1
595.82,155.97,1
632.86,191.52,1
576.13,212.56,1
660.02,175.68,1
605.42,169.47,1
637.21,182.34,1
593.31,160.06,1
641.88,187.44,1
606.16,218.43,1
594.79,227.46,1
642.32,195.35,1
629.18,199.28,1
600.80,182.78,1
634.99,238.76,1
657.49,180.31,1
631.25,239.99,1
586.30,208.82,1
103.88,284.04,2
112.88,279.36,2
92.60,283.39,2
111.34,284.36,2
111.02,290.41,2
105.41,287.82,2
111.84,282.81,2
118.11,287.50,2
453.82,637.02,0
453.35,631.09,0
444.11,639.75,0
466.93,679.22,0
491.45,659.90,0
454.05,675.27,0
457.24,677.66,0
455.13,673.35,0
464.00,680.12,0
461.67,632.81,0
465.71,629.96,0
447.69,666.41,0
468.90,638.60,0
476.15,649.35,0
448.98,653.66,0
483.12,637.73,0
582.78,166.07,1
583.84,150.43,1
585.68,160.69,1
568.51,150.15,1
573.31,147.21,1
583.85,151.82,1
583.48,153.32,1
121.17,314.55,2
119.80,342.40,2
129.27,325.27,2
102.07,336.68,2
94.62,321.34,2
104.47,299.46,2
127.97,315.86,2
120.34,305.04,2
119.03,333.09,2
121.67,329.99,2
113.27,317.36,2
121.44,311.66,2
121.76,332.63,2
94.35,323.53,2
506.70,640.10,0
521.91,631.37,0
520.39,666.38,0
491.24,609.74,0
511.98,639.29,0
525.99,639.74,0
498.44,629.13,0
510.51,613.67,0
522.46,641.90,0
531.36,628.99,0
542.07,617.83,0
545.26,625.64,0
497.36,617.04,0
480.27,626.24,0
521.88,640.07,0
507.42,642.99,0
496.99,617.39,0
508.71,661.88,0
491.93,612.91,0
544.30,129.40,1
537.99,156.54,1
531.54,147.44,1
564.33,139.47,1
551.64,149.89,1
567.40,147.60,1
547.49,136.78,1
524.26,144.75,1
530.23,147.34,1
557.10,146.50,1
556.41,157.13,1
547.54,161.33,1
562.25,163.42,1
114.98,382.85,2
126.72,385.96,2
107.18,374.63,2
118.62,385.19,2
128.53,380.35,2
131.02,377.58,2
125.58,375.87,2
123.88,362.63,2
483.23,122.67,1
514.91,158.87,1
516.92,110.14,1
498.45,130.33,1
489.60,111.42,1
506.78,161.69,1
499.23,114.96,1
511.23,138.99,1
521.13,144.06,1
489.45,140.21,1
510.09,160.84,1
492.21,146.98,1
497.06,141.40,1
509.98,135.21,1
526.06,137.86,1
483.48,149.53,1
508.59,114.69,1
509.35,140.63,1
109.64,392.58,2
99.12,406.99,2
113.26,440.76,2
91.43,436.11,2
131.57,414.87,2
104.54,404.65,2
120.11,434.01,2
98.35,433.93,2
105.21,432.38,2
122.44,404.11,2
123.05,421.07,2
126.15,439.32,2
91.28,412.57,2
114.07,404.14,2
96.32,442.85,2
131.46,412.61,2
115.57,434.44,2
582.02,571.90,0
581.02,566.14,0
603.70,571.44,0
591.64,585.08,0
556.31,600.51,0
543.13,562.42,0
571.94,571.02,0
590.54,570.95,0
593.63,593.09,0
591.87,556.32,0
578.10,567.97,0
552.90,612.23,0
541.46,604.89,0
564.73,556.50,0
568.41,596.56,0
587.92,578.26,0
561.30,589.35,0
576.74,569.92,0
535.85,596.76,0
562.44,600.36,0
598.85,569.66,0
564.92,572.51,0
597.77,560.22,0
432.05,171.13,1
457.23,177.41,1
492.50,110.63,1
421.52,120.08,1
448.17,154.87,1
432.28,107.93,1
417.72,154.76,1
439.34,98.00,1
449.13,131.16,1
421.56,110.15,1
475.67,160.25,1
448.09,92.23,1
469.03,102.49,1
453.82,107.13,1
434.81,129.02,1
473.69,118.97,1
421.21,149.05,1
120.92,451.55,2
113.67,457.35,2
109.95,450.27,2
112.07,466.45,2
111.56,448.94,2
128.61,486.56,2
126.58,481.58,2
146.47,454.73,2
98.35,476.68,2
103.45,456.38,2
148.03,449.47,2
116.41,450.62,2
123.77,468.74,2
99.76,461.00,2
143.64,476.57,2
583.11,518.45,0
599.53,523.72,0
588.84,549.30,0
595.90,541.54,0
593.93,527.94,0
597.47,546.55,0
587.77,541.17,0
593.79,526.58,0
575.29,535.22,0
589.71,527.17,0
594.81,548.59,0
594.30,523.67,0
127.37,506.38,2
125.14,500.44,2
118.33,487.84,2
130.88,495.25,2
134.07,513.86,2
131.60,507.31,2
126.44,497.47,2
110.81,498.33,2
377.51,103.78,1
376.13,113.27,1
375.16,122.11,1
363.22,121.26,1
368.16,136.44,1
377.46,113.02,1
398.27,116.01,1
388.50,133.75,1
161.28,519.70,2
177.30,549.49,2
167.59,515.89,2
143.63,522.22,2
162.43,526.36,2
153.08,535.71,2
164.80,513.38,2
162.27,528.92,2
169.67,536.13,2
156.92,554.02,2
159.74,541.26,2
165.97,511.04,2
149.59,515.94,2
175.22,505.51,2
154.03,533.25,2
143.60,516.92,2
638.28,445.56,0
634.86,469.91,0
647.17,469.14,0
650.68,457.49,0
607.62,489.18,0
618.23,498.90,0
643.19,491.38,0
634.97,459.87,0
629.41,463.49,0
611.31,465.84,0
627.85,464.64,0
652.23,482.47,0
618.74,489.62,0
634.56,456.25,0
348.91,120.26,1
349.14,138.94,1
319.40,124.19,1
344.56,142.13,1
336.14,125.01,1
342.92,139.81,1
358.64,118.33,1
345.33,118.78,1
329.01,109.85,1
358.36,122.11,1
173.65,552.32,2
180.88,551.98,2
179.89,571.28,2
198.25,536.02,2
198.63,532.43,2
212.58,546.37,2
209.40,556.61,2
200.48,543.43,2
191.59,559.62,2
191.17,547.71,2
272.93,130.84,1
311.71,121.25,1
294.72,158.84,1
269.92,151.42,1
264.60,147.43,1
317.65,127.93,1
265.91,167.27,1
298.41,137.26,1
287.96,135.17,1
314.19,164.98,1
298.22,126.30,1
280.38,113.99,1
263.78,159.05,1
265.61,140.97,1
311.76,156.01,1
288.96,169.79,1
295.37,131.86,1
289.87,118.36,1
224.34,571.37,2
207.62,567.97,2
207.18,567.94,2
210.26,594.02,2
227.61,575.05,2
206.79,600.59,2
223.89,586.38,2
230.66,593.60,2
195.06,590.04,2
229.38,593.50,2
205.52,583.10,2
230.11,575.74,2
228.60,561.43,2
212.78,582.15,2
211.42,584.13,2
205.70,574.68,2
229.32,564.83,2
645.60,413.43,0
640.57,408.79,0
668.24,396.69,0
624.71,410.58,0
642.27,380.29,0
653.11,396.28,0
654.70,382.39,0
663.02,398.46,0
653.63,395.27,0
255.24,147.50,1
256.46,179.31,1
258.76,184.48,1
251.88,158.20,1
256.60,165.67,1
250.71,156.76,1
240.74,162.31,1
267.96,625.60,2
274.46,612.90,2
255.06,609.08,2
232.54,613.65,2
242.20,599.27,2
259.11,597.83,2
246.74,609.39,2
242.51,611.29,2
247.38,623.83,2
264.91,601.65,2
262.46,630.81,2
588.25,346.46,0
624.10,373.33,0
604.57,354.64,0
615.24,334.90,0
617.00,343.56,0
596.22,350.79,0
596.81,355.99,0
609.50,353.04,0
609.90,356.79,0
593.69,342.42,0
600.83,341.32,0
603.55,346.20,0
624.78,365.95,0
593.27,362.89,0
611.28,370.62,0
621.94,360.42,0
596.60,356.43,0
244.07,220.07,1
244.92,186.13,1
233.34,197.46,1
235.02,188.36,1
242.74,210.24,1
243.86,189.31,1
225.91,195.69,1
240.56,224.58,1
218.85,204.41,1
237.39,190.70,1
225.31,213.28,1
254.68,195.22,1
271.55,600.26,2
302.68,596.38,2
296.66,610.50,2
272.17,603.11,2
313.04,594.73,2
305.27,617.12,2
293.50,576.60,2
281.48,583.39,2
296.99,608.00,2
290.83,600.96,2
291.39,611.74,2
297.56,619.54,2
304.49,587.47,2
300.51,618.45,2
579.36,293.31,0
592.87,331.87,0
625.82,295.03,0
598.96,304.71,0
618.42,287.85,0
604.49,267.89,0
620.33,291.96,0
622.10,308.26,0
628.56,283.49,0
616.05,317.70,0
590.96,314.57,0
638.46,308.06,0
586.28,314.52,0
614.87,329.83,0
586.93,302.01,0
595.56,278.96,0
617.43,282.75,0
604.76,293.20,0
583.56,282.30,0
575.54,299.66,0
634.46,312.75,0
630.58,327.18,0
238.23,244.00,1
183.69,215.35,1
225.62,236.08,1
189.74,220.49,1
228.61,227.70,1
212.73,246.63,1
231.23,223.10,1
228.02,232.97,1
242.71,235.05,1
240.28,230.46,1
215.68,245.91,1
191.03,248.76,1
214.36,248.89,1
214.31,253.41,1
214.36,234.56,1
229.46,239.21,1
318.20,592.28,2
341.18,619.00,2
325.69,586.13,2
326.63,613.24,2
342.67,593.48,2
345.11,591.93,2
333.51,598.59,2
316.37,598.90,2
350.85,595.19,2
568.98,276.20,0
576.92,284.77,0
572.13,284.48,0
573.53,291.38,0
588.69,276.17,0
571.21,284.70,0
576.72,283.31,0
572.94,287.20,0
567.48,289.75,0
190.32,250.57,1
176.22,256.74,1
191.85,274.23,1
191.12,272.28,1
180.36,255.84,1
181.94,261.15,1
180.60,278.92,1
170.98,261.55,1
168.54,266.60,1
180.85,270.51,1
182.46,264.20,1
196.06,253.40,1
387.06,620.49,2
368.40,635.78,2
370.68,609.58,2
359.76,622.55,2
355.95,647.13,2
391.35,623.54,2
381.88,603.88,2
368.47,616.38,2
374.80,625.16,2
358.68,632.85,2
393.43,633.74,2
571.32,253.47,0
584.64,248.79,0
586.32,242.07,0
556.32,245.33,0
577.29,251.95,0
567.94,267.25,0
588.13,239.71,0
586.02,246.79,0
578.09,230.08,0
186.12,284.01,1
186.50,287.21,1
158.84,277.11,1
150.19,295.87,1
149.04,304.41,1
149.03,300.96,1
175.46,306.37,1
159.86,307.39,1
185.27,292.26,1
159.25,273.39,1
151.67,277.99,1
176.77,295.13,1
181.44,293.15,1
171.88,274.89,1
170.95,303.31,1
174.19,303.03,1
416.93,647.52,2
418.53,644.03,2
385.08,604.48,2
440.89,598.32,2
406.32,604.07,2
427.60,597.30,2
411.87,598.41,2
429.15,623.70,2
410.34,649.50,2
421.62,587.06,2
439.97,607.38,2
432.45,630.32,2
440.93,637.37,2
421.53,590.62,2
564.43,193.32,0
572.01,205.22,0
563.85,217.03,0
551.94,239.30,0
566.92,207.35,0
529.47,229.13,0
564.09,222.64,0
528.91,225.06,0
543.56,233.56,0
535.59,191.61,0
566.24,205.19,0
537.14,195.00,0
177.00,340.97,1
173.46,338.98,1
153.91,343.75,1
184.87,333.78,1
157.11,332.90,1
139.04,345.67,1
168.68,340.09,1
174.10,357.69,1
183.47,334.89,1
152.34,359.27,1
165.62,319.18,1
173.94,352.69,1
147.11,303.71,1
141.77,339.38,1
137.21,329.64,1
169.36,353.37,1
158.91,319.72,1
189.91,328.83,1
166.41,328.13,1
166.38,321.66,1
136.92,331.65,1
510.30,199.14,0
489.47,218.96,0
495.85,224.23,0
493.28,210.54,0
491.42,210.59,0
498.66,213.67,0
492.36,221.80,0
520.22,211.54,0
501.49,223.99,0
504.72,217.80,0
497.84,216.10,0
514.12,219.74,0
474.38,617.96,2
472.80,589.13,2
459.01,600.55,2
490.61,607.48,2
489.77,591.84,2
479.50,591.53,2
453.47,603.93,2
451.51,607.20,2
478.28,583.00,2
462.43,598.10,2
476.37,587.05,2
473.40,612.42,2
473.87,614.69,2
471.62,598.81,2
452.47,578.81,2
484.10,593.24,2
475.83,602.94,2
469.25,191.79,0
472.47,206.56,0
496.26,197.08,0
475.44,207.68,0
465.98,199.79,0
490.08,202.63,0
462.82,196.81,0
482.49,208.87,0
457.92,199.97,0
465.54,194.54,0
145.26,393.40,1
156.80,412.09,1
169.40,421.62,1
175.34,375.72,1
145.58,414.20,1
158.20,363.78,1
157.66,398.83,1
158.43,387.61,1
139.36,415.04,1
160.59,420.11,1
174.05,366.11,1
149.37,377.82,1
137.84,409.72,1
141.57,369.79,1
158.59,373.61,1
162.26,364.57,1
170.28,405.06,1
156.88,419.31,1
171.04,406.11,1
179.44,380.18,1
171.53,370.55,1
491.02,559.31,2
481.69,555.93,2
504.38,570.40,2
483.78,565.23,2
510.47,573.81,2
506.69,566.72,2
496.25,557.48,2
490.17,562.40,2
496.88,567.64,2
497.73,561.67,2
452.39,178.68,0
461.03,184.00,0
448.66,186.38,0
459.57,188.67,0
450.05,177.98,0
459.24,190.11,0
167.58,430.46,1
175.58,427.32,1
185.15,439.83,1
175.49,429.64,1
174.89,439.52,1
185.36,425.07,1
177.01,422.39,1
185.62,441.00,1
533.35,550.16,2
517.37,538.19,2
530.15,547.24,2
508.85,541.88,2
505.87,550.34,2
510.49,536.38,2
405.22,188.08,0
401.16,181.21,0
422.46,188.72,0
425.96,179.58,0
406.16,195.33,0
429.58,178.39,0
405.10,176.43,0
407.52,191.50,0
435.63,173.82,0
435.45,184.75,0
402.91,192.72,0
446.43,178.89,0
426.17,189.56,0
399.85,187.98,0
426.97,179.53,0
181.27,480.10,1
202.17,472.85,1
208.97,450.07,1
175.97,447.92,1
169.98,465.41,1
185.53,478.42,1
185.05,446.67,1
185.52,478.85,1
204.57,442.74,1
171.14,444.23,1
543.96,506.55,2
550.53,509.58,2
533.11,533.34,2
551.43,540.09,2
575.56,521.37,2
527.67,527.58,2
543.08,505.23,2
553.05,526.40,2
542.34,498.59,2
565.29,486.28,2
565.30,506.70,2
576.82,498.11,2
537.72,498.89,2
553.57,534.36,2
547.43,495.91,2
530.93,504.73,2
572.55,500.35,2
575.91,515.02,2
550.18,506.50,2
551.16,505.13,2
530.73,522.55,2
374.98,201.10,0
379.99,161.94,0
373.52,161.85,0
368.96,209.23,0
360.33,176.62,0
391.34,175.29,0
395.17,188.97,0
379.54,164.35,0
376.32,183.08,0
219.83,502.62,1
213.51,466.02,1
201.97,478.79,1
199.55,504.48,1
217.46,510.11,1
212.01,492.61,1
220.70,500.99,1
232.35,479.24,1
545.18,480.18,2
553.54,472.49,2
551.69,462.19,2
545.83,472.02,2
554.50,454.58,2
537.16,466.73,2
547.13,458.91,2
559.62,470.48,2
535.74,474.36,2
543.03,454.96,2
564.48,474.93,2
346.69,195.60,0
339.63,184.07,0
355.06,194.14,0
350.13,187.86,0
354.21,178.86,0
335.64,182.04,0
343.11,175.82,0
240.86,494.77,1
238.27,487.55,1
250.50,517.32,1
225.18,513.41,1
243.93,499.19,1
250.83,508.87,1
237.57,506.12,1
228.59,507.02,1
235.73,491.55,1
235.60,518.80,1
240.61,493.21,1
248.99,513.58,1
245.51,496.39,1
580.94,453.94,2
591.89,457.56,2
578.62,462.92,2
579.34,475.76,2
566.68,453.14,2
589.35,443.83,2
562.19,456.25,2
550.44,436.70,2
554.90,437.24,2
566.72,464.31,2
572.50,465.76,2
564.54,437.24,2
333.65,189.50,0
311.56,191.42,0
323.05,187.44,0
343.49,204.24,0
331.07,200.62,0
313.92,186.78,0
329.41,210.66,0
320.97,189.80,0
254.16,531.57,1
241.55,524.89,1
260.20,528.57,1
261.55,541.35,1
251.04,542.45,1
257.43,543.57,1
246.50,529.61,1
251.21,525.89,1
243.95,527.35,1
574.51,419.41,2
576.50,431.47,2
575.81,429.77,2
582.07,425.85,2
570.28,427.73,2
578.44,422.20,2
290.80,221.33,0
291.15,214.28,0
294.82,209.93,0
301.09,226.81,0
303.19,227.99,0
297.34,219.69,0
282.10,549.88,1
266.83,535.40,1
286.78,544.64,1
264.86,527.12,1
286.00,555.14,1
257.43,547.72,1
283.76,543.70,1
294.50,529.35,1
284.52,525.59,1
283.86,562.91,1
274.44,519.13,1
275.57,564.09,1
303.49,524.91,1
272.28,527.56,1
278.70,541.63,1
297.33,527.57,1
262.48,546.93,1
287.62,547.40,1
272.42,563.14,1
563.53,412.68,2
563.58,415.04,2
575.46,405.25,2
582.92,417.04,2
577.90,392.88,2
562.19,411.75,2
558.13,395.57,2
568.66,409.29,2
581.48,408.48,2
568.38,397.26,2
549.33,385.10,2
566.82,424.30,2
560.44,417.85,2
586.52,410.79,2
556.10,402.99,2
556.58,394.99,2
582.87,388.35,2
567.12,401.20,2
584.26,377.11,2
291.13,237.49,0
292.23,242.95,0
257.61,228.60,0
295.08,230.48,0
292.20,253.21,0
279.53,219.85,0
272.49,218.22,0
286.74,231.54,0
254.87,233.65,0
250.82,240.98,0
269.12,227.91,0
309.86,548.78,1
313.09,549.52,1
310.13,568.22,1
305.31,568.97,1
291.92,562.70,1
300.26,561.44,1
568.26,350.33,2
571.33,346.01,2
567.92,359.56,2
578.69,355.09,2
558.47,372.82,2
549.18,355.71,2
579.93,366.81,2
575.63,350.87,2
580.30,348.60,2
551.88,360.53,2
349.94,554.37,1
331.13,569.63,1
359.34,566.04,1
365.41,548.46,1
318.51,569.08,1
368.33,555.33,1
342.06,532.90,1
338.16,579.67,1
351.11,549.73,1
321.28,557.27,1
331.37,577.33,1
577.04,344.78,2
565.44,333.51,2
559.30,340.45,2
566.43,327.33,2
571.63,339.17,2
563.46,337.63,2
572.22,336.91,2
562.50,340.81,2
559.79,323.11,2
554.53,336.20,2
545.50,334.43,2
261.03,280.94,0
263.06,263.41,0
245.15,295.67,0
222.92,290.02,0
232.58,277.90,0
222.82,286.55,0
224.55,279.56,0
222.49,263.47,0
212.61,282.18,0
223.17,278.17,0
263.05,276.90,0
260.12,259.56,0
249.18,280.83,0
219.32,264.07,0
223.67,283.48,0
238.23,289.64,0
238.53,314.70,0
241.39,307.07,0
236.80,313.46,0
235.61,311.39,0
240.35,306.08,0
241.67,305.94,0
218.14,311.63,0
230.22,308.58,0
219.82,302.67,0
389.33,566.08,1
393.31,559.08,1
392.00,556.56,1
374.45,572.58,1
373.41,565.21,1
392.81,576.79,1
387.16,566.92,1
373.71,574.55,1
377.32,557.80,1
512.85,289.07,2
560.72,278.29,2
535.91,274.57,2
517.07,265.15,2
552.94,300.59,2
548.38,286.29,2
541.21,306.27,2
555.64,272.81,2
529.10,263.44,2
513.23,281.68,2
522.51,270.55,2
534.37,305.57,2
537.25,307.63,2
551.57,283.27,2
213.76,330.52,0
208.18,337.15,0
223.82,330.46,0
230.67,324.08,0
215.73,331.30,0
220.01,317.49,0
236.68,347.57,0
232.90,320.62,0
236.56,331.73,0
206.12,332.60,0
416.42,562.44,1
426.47,554.96,1
421.27,564.99,1
427.01,546.20,1
434.08,551.03,1
493.78,277.93,2
505.61,284.94,2
498.25,274.07,2
505.50,276.80,2
214.34,349.55,0
214.97,354.37,0
217.75,348.74,0
226.66,369.86,0
228.94,358.72,0
230.30,368.27,0
228.63,355.12,0
224.91,353.83,0
440.51,539.42,1
446.50,536.51,1
427.76,543.17,1
462.69,544.48,1
427.30,538.66,1
450.14,542.10,1
443.45,535.45,1
458.84,549.54,1
462.99,263.93,2
501.87,253.37,2
501.58,242.64,2
507.03,257.63,2
495.13,242.51,2
484.60,254.08,2
485.21,274.04,2
487.61,277.92,2
493.03,238.64,2
496.40,266.18,2
460.75,256.51,2
462.94,264.77,2
493.19,273.23,2
463.75,240.11,2
476.33,236.65,2
495.97,267.19,2
229.55,374.23,0
216.30,396.18,0
231.54,366.95,0
251.91,386.57,0
214.07,390.48,0
239.58,387.83,0
220.55,380.77,0
246.98,369.34,0
209.59,373.91,0
461.58,525.44,1
471.87,542.90,1
481.93,521.48,1
476.27,542.19,1
476.06,534.18,1
465.32,535.46,1
467.12,517.47,1
472.22,526.15,1
463.30,535.79,1
466.58,516.20,1
471.01,502.73,1
475.09,514.49,1
481.42,514.73,1
497.32,501.79,1
490.03,484.53,1
472.93,497.36,1
488.71,482.94,1
461.99,501.28,1
474.52,488.69,1
473.32,503.86,1
430.65,234.11,2
443.06,235.38,2
438.89,230.58,2
452.12,244.21,2
462.37,238.19,2
447.63,251.31,2
448.11,229.24,2
254.44,432.03,0
253.69,415.87,0
245.17,419.82,0
252.80,407.67,0
246.69,424.07,0
252.06,429.39,0
425.40,243.77,2
408.45,246.06,2
400.11,233.73,2
406.19,233.51,2
422.53,226.67,2
415.79,237.04,2
419.75,251.52,2
405.69,234.03,2
428.15,239.05,2
405.14,227.89,2
421.46,239.52,2
422.76,228.14,2
265.48,448.64,0
245.83,453.56,0
265.29,451.70,0
254.60,461.80,0
258.27,461.40,0
507.38,445.94,1
513.59,454.39,1
528.27,449.02,1
526.22,464.62,1
528.81,467.56,1
534.12,460.28,1
491.33,477.42,1
500.53,472.63,1
502.75,445.31,1
401.21,247.28,2
396.12,231.85,2
381.23,247.20,2
383.69,249.90,2
380.15,251.31,2
384.72,243.30,2
384.82,232.33,2
395.59,239.71,2
265.21,445.42,0
271.60,472.26,0
277.18,449.53,0
250.84,464.44,0
271.20,447.49,0
263.59,476.20,0
282.73,476.54,0
271.40,444.11,0
260.35,475.16,0
264.59,466.33,0
282.95,454.91,0
264.54,458.42,0
361.78,236.39,2
367.78,263.57,2
351.71,257.69,2
378.28,251.28,2
363.57,264.96,2
360.82,239.47,2
361.89,237.95,2
359.56,261.60,2
350.46,250.95,2
373.08,254.68,2
512.97,409.16,1
530.50,424.57,1
515.59,412.86,1
521.62,418.50,1
508.24,424.66,1
524.26,422.84,1
521.68,433.73,1
515.71,419.58,1
342.33,259.15,2
338.81,263.99,2
348.60,251.11,2
343.03,248.93,2
345.19,249.06,2
354.08,274.15,2
290.40,504.81,0
289.01,496.75,0
295.32,491.39,0
290.21,496.83,0
308.05,488.56,0
301.75,495.15,0
308.29,493.47,0
309.42,500.77,0
289.12,496.52,0
313.21,500.71,0
523.03,398.27,1
514.52,390.75,1
509.07,392.79,1
504.25,403.01,1
519.66,398.98,1
523.32,403.58,1
514.63,395.89,1
337.23,487.17,0
328.25,501.13,0
336.67,490.83,0
334.95,487.47,0
328.71,503.42,0
320.88,487.13,0
505.64,376.87,1
510.19,376.91,1
495.22,376.96,1
509.04,366.78,1
502.12,368.13,1
526.37,386.16,1
507.20,378.93,1
527.06,376.55,1
514.18,392.84,1
521.70,383.38,1
510.19,387.51,1
512.73,388.96,1
513.41,386.10,1
525.64,377.86,1
324.87,284.63,2
310.86,281.39,2
303.84,276.42,2
298.61,283.51,2
310.48,278.36,2
320.02,269.84,2
321.88,287.68,2
312.85,294.29,2
305.03,278.95,2
308.08,278.98,2
301.59,266.98,2
334.69,478.78,0
362.92,491.92,0
336.85,484.32,0
365.03,490.13,0
349.82,483.57,0
365.22,483.91,0
364.96,495.39,0
353.51,503.45,0
495.58,360.71,1
499.36,352.62,1
510.76,358.16,1
501.56,359.10,1
500.81,362.47,1
506.14,351.96,1
503.50,360.84,1
284.81,283.48,2
282.88,277.10,2
294.97,297.92,2
282.00,291.58,2
274.08,291.58,2
279.15,300.73,2
296.75,293.72,2
298.65,270.28,2
291.08,275.42,2
293.01,298.27,2
292.89,283.85,2
273.97,294.04,2
499.09,339.17,1
494.70,350.37,1
502.99,323.85,1
494.68,336.60,1
523.36,346.88,1
504.83,325.97,1
491.82,331.15,1
377.84,501.12,0
384.42,489.39,0
397.18,500.99,0
388.67,506.99,0
381.21,510.38,0
371.80,505.70,0
374.21,505.01,0
379.16,482.67,0
285.30,322.77,2
274.19,323.16,2
305.46,325.20,2
279.07,344.30,2
280.19,330.79,2
283.15,344.05,2
304.92,317.75,2
286.82,341.44,2
301.81,333.56,2
275.71,338.93,2
271.31,343.70,2
282.73,308.18,2
275.32,333.66,2
408.87,515.88,0
403.68,502.23,0
411.94,489.74,0
390.47,510.37,0
406.09,496.46,0
402.51,495.49,0
417.94,501.91,0
490.13,302.62,1
488.44,306.04,1
483.52,323.34,1
474.70,292.03,1
478.74,314.72,1
458.45,294.47,1
461.58,294.48,1
473.61,308.00,1
466.01,323.83,1
472.88,298.35,1
473.95,320.00,1
454.09,312.99,1
470.96,321.71,1
463.28,318.31,1
411.11,488.54,0
416.74,459.97,0
409.55,482.93,0
420.00,460.68,0
414.26,484.86,0
426.89,474.95,0
418.70,476.13,0
424.34,469.97,0
427.15,464.11,0
419.31,496.75,0
417.87,477.36,0
292.57,370.65,2
276.92,372.19,2
274.08,355.56,2
273.05,379.23,2
290.03,357.69,2
287.58,363.78,2
280.59,352.89,2
269.13,360.77,2
282.37,360.19,2
288.24,356.09,2
287.95,356.00,2
282.61,375.43,2
440.96,479.36,0
443.39,491.48,0
435.03,480.76,0
432.58,488.77,0
436.54,492.07,0
447.54,492.26,0
444.73,495.02,0
437.53,480.59,0
452.54,303.58,1
452.22,293.86,1
432.35,293.45,1
430.71,305.34,1
450.26,287.96,1
452.80,304.90,1
440.23,301.03,1
441.09,467.01,0
431.39,461.51,0
447.26,469.62,0
443.76,459.20,0
457.81,473.14,0
443.77,452.35,0
445.01,481.46,0
455.96,474.64,0
438.65,476.30,0
413.91,295.71,1
423.15,297.53,1
424.73,299.27,1
417.76,292.71,1
274.01,407.20,2
274.23,387.68,2
278.40,403.14,2
270.10,401.34,2
408.61,295.40,1
404.47,290.95,1
412.13,282.74,1
401.09,288.93,1
416.16,298.33,1
399.38,291.43,1
448.76,445.12,0
480.10,446.79,0
468.77,429.84,0
474.16,439.45,0
479.70,440.35,0
466.39,439.59,0
462.52,425.69,0
453.78,433.68,0
453.92,452.04,0
463.47,455.82,0
269.98,427.12,2
296.43,417.14,2
280.42,410.54,2
275.60,436.83,2
282.46,416.93,2
281.19,413.81,2
288.10,412.54,2
293.90,432.82,2
281.19,408.10,2
271.67,417.86,2
268.26,418.08,2
269.79,419.12,2
382.35,285.12,1
379.49,299.93,1
367.69,288.81,1
367.59,286.67,1
391.99,288.57,1
377.65,300.96,1
373.49,279.59,1
479.94,424.68,0
480.21,407.70,0
470.59,407.39,0
478.90,401.67,0
473.23,402.54,0
478.31,411.94,0
464.58,415.22,0
312.11,455.61,2
303.79,442.57,2
314.14,442.20,2
309.77,448.68,2
303.42,446.85,2
316.30,447.65,2
315.22,456.01,2
350.22,290.24,1
352.00,289.07,1
350.37,289.20,1
354.38,293.87,1
352.23,290.33,1
354.62,292.52,1
358.66,288.67,1
357.41,296.83,1
316.78,458.02,2
322.88,460.94,2
333.25,448.16,2
330.91,453.50,2
313.40,459.52,2
337.26,455.07,2
323.09,469.92,2
337.33,449.80,2
323.43,470.36,2
452.27,380.48,0
461.97,373.91,0
468.44,394.30,0
455.14,397.21,0
455.69,393.83,0
456.41,380.89,0
358.11,320.50,1
336.06,310.50,1
347.35,319.28,1
343.57,318.93,1
354.78,322.12,1
357.52,312.06,1
351.85,318.37,1
469.73,369.95,0
453.20,370.39,0
455.01,367.80,0
452.70,374.35,0
363.08,462.24,2
339.95,453.75,2
351.00,462.24,2
347.99,470.02,2
348.98,452.68,2
344.26,467.75,2
323.35,320.08,1
323.25,322.41,1
317.49,335.39,1
320.79,330.26,1
329.71,324.50,1
325.68,328.41,1
318.10,333.60,1
320.86,325.95,1
321.05,337.65,1
457.64,344.05,0
445.23,353.47,0
466.79,339.90,0
466.12,357.11,0
455.57,354.18,0
460.83,347.08,0
382.98,466.67,2
386.29,449.40,2
369.51,454.12,2
386.22,461.51,2
319.19,358.23,1
333.84,349.79,1
327.32,362.03,1
320.36,353.45,1
330.35,360.16,1
439.54,342.93,0
424.03,335.07,0
441.13,339.24,0
427.64,337.94,0
430.96,325.44,0
430.30,338.54,0
316.98,356.28,1
317.55,370.10,1
319.25,367.09,1
312.49,372.51,1
413.17,325.55,0
419.69,330.00,0
404.38,332.18,0
403.42,337.30,0
412.48,324.42,0
411.11,319.89,0
400.50,329.40,0
421.07,327.48,0
328.83,380.56,1
311.57,380.76,1
326.48,394.99,1
320.81,391.68,1
306.50,385.94,1
391.78,336.22,0
391.68,331.52,0
400.17,324.24,0
398.18,337.33,0
412.73,413.41,2
415.24,415.96,2
427.28,405.99,2
412.72,420.12,2
421.84,423.07,2
367.37,423.72,1
361.39,428.18,1
355.81,421.46,1
361.28,412.93,1
364.81,416.31,1
361.29,416.18,1
355.70,412.26,1
384,384,0
384,384,1
395.21,397.49,1
392.63,367.85,2
367.10,384.01,0
400.05,363.76,2
390.48,401.90,1
358.29,380.11,0
403.37,372.08,2
386.00,409.42,1
359.93,372.38,0
409.56,373.38,2
413.78,376.46,2
376.20,417.07,1
362.51,361.78,0
421.85,381.03,2
362.82,353.78,0
422.44,385.50,2
363.02,417.31,1
364.17,343.27,0
423.73,391.05,2
370.34,345.12,0
428.81,401.92,2
348.60,410.83,1
377.87,338.99,0
342.62,408.09,1
382.33,333.98,0
422.30,413.73,2
333.21,403.14,1
391.84,328.98,0
422.69,426.85,2
333.50,393.73,1
401.61,335.60,0
417.36,437.88,2
319.20,388.58,1
411.46,329.69,0
411.87,441.65,2
400.59,447.07,2
320.16,365.67,1
433.65,334.01,0
393.16,450.46,2
326.97,357.07,1
379.47,456.80,2
323.58,344.17,1
456.81,348.19,0
369.22,453.09,2
326.13,332.45,1
458.08,360.37,0
352.19,461.27,2
329.18,315.68,1
461.97,370.66,0
344.29,447.70,2
345.66,313.90,1
459.78,385.86,0
327.18,457.91,2
352.84,295.05,1
313.12,447.60,2
363.01,298.86,1
475.39,413.70,0
299.24,435.32,2
379.14,289.26,1
472.66,426.39,0
284.98,424.14,2
464.17,441.05,0
410.26,289.63,1
448.38,449.33,0
274.04,399.24,2
422.91,289.94,1
445.25,467.42,0
271.59,378.35,2
443.19,295.83,1
437.94,488.84,0
282.01,364.97,2
416.94,478.31,0
274.34,345.69,2
473.45,307.14,1
404.40,502.84,0
285.05,326.57,2
384.24,496.11,0
290.13,304.63,2
506.46,341.78,1
290.67,286.00,2
500.07,360.59,1
346.90,497.22,0
310.98,279.17,2
512.45,376.74,1
325.89,493.19,0
325.74,262.81,2
513.42,401.55,1
300.18,492.16,0
351.92,256.52,2
518.22,418.42,1
286.00,486.62,0
368.42,249.12,2
521.65,439.65,1
269.63,461.57,0
391.28,242.40,2
511.00,462.66,1
255.48,450.84,0
419.44,238.77,2
494.18,484.92,1
248.32,423.25,0
446.73,234.50,2
480.42,502.13,1
242.82,408.26,0
463.43,239.26,2
471.41,528.45,1
228.81,380.84,0
485.13,252.10,2
445.30,538.59,1
222.01,358.32,0
501.63,279.09,2
423.83,554.84,1
227.84,327.74,0
533.87,288.37,2
387.79,566.27,1
229.07,305.33,0
545.43,315.22,2
369.84,557.98,1
238.42,275.66,0
563.91,338.42,2
341.51,555.15,1
564.84,358.75,2
304.68,558.92,1
274.04,239.70,0
566.25,397.80,2
278.18,537.26,1
298.63,219.53,0
577.84,427.37,2
250.92,535.24,1
328.99,195.74,0
567.97,454.22,2
237.81,505.49,1
346.54,189.23,0
547.74,471.82,2
212.68,487.85,1
378.90,185.66,0
549.60,510.29,2
188.45,457.69,1
420.57,184.45,0
519.28,544.44,2
177.47,433.66,1
450.57,186.75,0
495.66,564.95,2
162.37,393.73,1
477.97,200.02,0
471.28,593.19,2
164.98,362.53,1
505.54,212.91,0
447.52,596.25,2
164.87,329.88,1
547.42,214.83,0
416.57,615.86,2
166.56,292.85,1
570.18,246.46,0
369.57,627.45,2
184.68,263.46,1
576.46,278.27,0
337.79,607.81,2
212.78,226.44,1
610.20,302.39,0
293.08,600.16,2
237.50,202.12,1
610.09,353.44,0
252.50,612.27,2
253.93,168.38,1
642.06,391.55,0
219.89,579.75,2
287.79,143.92,1
189.24,549.29,2
338.15,124.51,1
629.46,471.56,0
163.08,528.14,2
378.57,123.71,1
611.96,495.83,0
128.67,502.62,2
590.48,533.08,0
121.59,455.88,2
455.83,134.24,1
568.47,580.96,0
108.74,417.14,2
504.31,134.89,1
114.30,376.46,2
547.47,147.21,1
511.72,635.42,0
115.79,319.26,2
575.22,160.79,1
466.00,652.52,0
109.22,282.90,2
620.07,198.33,1
432.47,669.38,0
141.93,244.07,2
647.38,240.21,1
386.22,669.56,0
157.35,198.66,2
659.14,282.19,1
333.30,682.87,0
181.48,158.94,2
682.83,328.53,1
278.03,680.31,0
215.74,116.55,2
684.07,369.60,1
240.24,648.88,0
262.15,92.09,2
707.97,413.40,1
202.61,623.59,0
290.61,73.43,2
158.16,597.76,0
356.90,52.34,2
670.02,516.55,1
117.15,565.16,0
392.46,59.71,2
665.33,574.75,1
95.92,523.75,0
457.02,52.33,2
624.83,614.62,1
61.53,482.38,0
511.38,69.26,2
611.97,653.69,1
44.87,439.56,0
549.52,78.14,2
553.52,679.61,1
36.02,394.89,0
593.54,106.84,2
504.97,717.12,1
36.64,338.80,0
658.30,141.50,2
457.40,741.73,1
42.48,278.70,0
693.06,170.66,2
406.06,731.05,1
62.99,210.42,0
734.76,219.48,2
349.82,740.53,1
87.92,172.17,0
760.53,276.64,2
288.31,745.21,1
109.03,125.56,0
768.25,332.08,2
231.96,736.05,1
147.78,74.10,0
774.42,411.69,2
176.65,720.14,1
218.71,32.85,0
761.85,476.20,2
122.18,666.74,1
743.55,528.22,2
83.90,622.15,1
311.95,-12.36,0
742.16,577.20,2
41.24,591.93,1
393.66,-17.46,0
701.44,647.33,2
4.53,538.40,1
451.38,-28.77,0
661.11,681.68,2
-22.61,469.28,1
514.23,-29.07,0
613.37,733.19,2
-35.38,404.34,1
571.49,22.10,0
575.62,786.19,2
-33.02,346.01,1
621.93,41.75,0
491.68,788.71,2
-38.97,275.81,1
694.03,91.66,0
438.12,821.86,2
-19.32,212.76,1
729.13,136.64,0
368.36,810.51,2
29.84,141.16,1
772.80,195.78,0
280.92,813.76,2
41.07,89.68,1
809.95,243.67,0
224.37,810.71,2
88.11,15.41,1
836.65,322.21,0
